NO_SEQ_COLL,JR_SEMN_ACCDN,DT_ACCDN,CD_MUNCP,NO_CIVIQ_ACCDN,SFX_NO_CIVIQ_ACCDN,BORNE_KM_ACCDN,RUE_ACCDN,TP_REPRR_ACCDN,ACCDN_PRES_DE,NB_METRE_DIST_ACCD,CD_GENRE_ACCDN,CD_SIT_PRTCE_ACCDN,CD_ETAT_SURFC,CD_ECLRM,CD_ENVRN_ACCDN,NO_ROUTE,CD_CATEG_ROUTE,CD_ETAT_CHASS,CD_ASPCT_ROUTE,CD_LOCLN_ACCDN,CD_POSI_ACCDN,CD_CONFG_ROUTE,CD_ZON_TRAVX_ROUTR,CD_PNT_CDRNL_ROUTE,CD_PNT_CDRNL_REPRR,CD_COND_METEO,NB_VEH_IMPLIQUES_ACCDN,NB_MORTS,NB_BLESSES_GRAVES,NB_BLESSES_LEGERS,HEURE_ACCDN,AN,NB_VICTIMES_TOTAL,GRAVITE,REG_ADM,MRC,nb_automobile_camion_leger,nb_camionLourd_tractRoutier,nb_outil_equipement,nb_tous_autobus_minibus,nb_bicyclette,nb_cyclomoteur,nb_motocyclette,nb_taxi,nb_urgence,nb_motoneige,nb_VHR,nb_autres_types,nb_veh_non_precise,NB_DECES_PIETON,NB_BLESSES_PIETON,NB_VICTIMES_PIETON,NB_DECES_MOTO,NB_BLESSES_MOTO,NB_VICTIMES_MOTO,NB_DECES_VELO,NB_BLESSES_VELO,NB_VICTIMES_VELO,VITESSE_AUTOR,LOC_X,LOC_Y,LOC_COTE_QD,LOC_COTE_PD,LOC_DETACHEE,LOC_IMPRECISION,LOC_LAT,LOC_LONG
SPVM _ 2016 _ 17057,MA,2016/09/13,66023.0,,,,,1.0,LANGELIER ET DAGENAIS,,31.0,,11.0,1.0,2.0,,13.0,,11.0,32.0,,4.0,,,,11.0,2,0,0,0,16:00:00-16:59:00,2016,0,Dommages matériels inférieurs au seuil de rapportage,Montréal(06),Montréal (66 ),2,0,0,0,0,0,0,0,0,0,0,0,0,0,0,0,0,0,0,0,0,0,40.0,295423.6,5053610.529,A,1,N,N,45.62233,-73.62024
SPVM _ 2018 _ 13246,MA,2018/10/23,66023.0,8645.0,,,PIE IX,,,,31.0,,12.0,3.0,3.0,,13.0,1.0,11.0,34.0,6.0,3.0,,,,14.0,3,0,0,1,18:00:00-18:59:00,2018,1,Léger,Montréal(06),Montréal (66 ),3,0,0,0,0,0,0,0,0,0,0,0,0,0,0,0,0,0,0,0,0,0,,296074.9875,5048419.6435,A,1,N,N,45.57563,-73.61179
SPVM _ 2014 _ 14831,MA,2014/07/15,66023.0,,,,PARC,1.0,FAIRMOUNT,,31.0,,12.0,3.0,2.0,,13.0,1.0,11.0,32.0,6.0,3.0,,,,14.0,2,0,0,2,23:00:00-23:59:00,2014,2,Léger,Montréal(06),Montréal (66 ),2,0,0,0,0,0,0,0,0,0,0,0,0,0,0,0,0,0,0,0,0,0,,297170.8,5042285.749,A,1,N,N,45.52045,-73.59766
SPVM _ 2018 _ 16048,LU,2018/12/03,66023.0,,,,PAPINEAU,1.0,LAURIER,,31.0,,12.0,1.0,2.0,,13.0,1.0,11.0,32.0,7.0,3.0,,,,12.0,2,0,0,1,15:00:00-15:59:00,2018,1,Léger,Montréal(06),Montréal (66 ),1,1,0,0,0,0,0,0,0,0,0,0,0,0,0,0,0,0,0,0,0,0,,298447.593,5044017.093,A,1,N,O,45.53604,-73.58134
SPVM _ 2015 _ 10801,SA,2015/05/30,66023.0,,,,EDOUARD MONTPETIT,1.0,DECELLES,,32.0,,11.0,1.0,2.0,,14.0,1.0,11.0,32.0,6.0,2.0,,,,11.0,1,0,0,1,15:00:00-15:59:00,2015,1,Léger,Montréal(06),Montréal (66 ),0,0,0,1,0,0,0,0,0,0,0,0,0,0,1,1,0,0,0,0,0,0,50.0,295226.1,5039934.684,A,1,N,N,45.49927,-73.6225
SPVM _ 2013 _ 28631,JE,2013/04/18,66023.0,10001.0,,,LOUIS H LAFONTAINE,,STAT DE COMMERCE,,31.0,,11.0,1.0,3.0,,21.0,1.0,11.0,40.0,6.0,9.0,,,O,12.0,2,0,0,1,16:00:00-16:59:00,2013,1,Léger,Montréal(06),Montréal (66 ),2,0,0,0,0,0,0,0,0,0,0,0,0,0,0,0,0,0,0,0,0,0,,298423.371,5052413.9625,A,1,O,N,45.6116,-73.58176
SPVM _ 2014 _ 11445,DI,2014/03/30,66023.0,,,,CREMAZIE,1.0,ST LAURENT,,31.0,,12.0,1.0,3.0,,13.0,1.0,11.0,32.0,6.0,1.0,,,,12.0,2,0,0,1,15:00:00-15:59:00,2014,1,Léger,Montréal(06),Montréal (66 ),2,0,0,0,0,0,0,0,0,0,0,0,0,0,0,0,0,0,0,0,0,0,50.0,293632.3,5044694.483,A,1,N,O,45.54208,-73.64301
SPVM _ 2012 _ 21093,VE,2012/04/27,66023.0,,,,JEAN TALON,1.0,ST LAURENT,3.0,31.0,,11.0,1.0,3.0,,13.0,,11.0,32.0,,3.0,,,E,12.0,3,0,0,0,11:00:00-11:59:00,2012,0,Dommages matériels seulement,Montréal(06),Montréal (66 ),3,0,0,0,0,0,0,0,0,0,0,0,0,0,0,0,0,0,0,0,0,0,50.0,295564.752,5043876.062,A,1,N,N,45.53474,-73.61825
SPVM _ 2015 _ 8704,ME,2015/03/04,66023.0,,,,N-D,1.0,FRONTENAC,300.0,59.0,,12.0,3.0,4.0,,13.0,,13.0,34.0,,,,,E,12.0,1,0,0,0,19:00:00-19:59:00,2015,0,Dommages matériels inférieurs au seuil de rapportage,Montréal(06),Montréal (66 ),1,0,0,0,0,0,0,0,0,0,0,0,0,0,0,0,0,0,0,0,0,0,60.0,301358.2,5043273.404,A,2,N,N,45.52937,-73.54406
SPVM _ 2013 _ 19606,DI,2013/03/03,66023.0,,,,JARRY E,1.0,ST DENIS,,31.0,,12.0,2.0,3.0,,13.0,,11.0,32.0,,3.0,,,,12.0,3,0,0,0,17:00:00-17:59:00,2013,0,Dommages matériels seulement,Montréal(06),Montréal (66 ),3,0,0,0,0,0,0,0,0,0,0,0,0,0,0,0,0,0,0,0,0,0,50.0,294711.203,5044749.565,A,1,N,N,45.54259,-73.62919
SPVM _ 2012 _ 4620,ME,2012/12/19,66023.0,825.0,,,50E AV,1.0,SHERBROOKE,300.0,31.0,,16.0,2.0,2.0,,22.0,,11.0,99.0,,9.0,,,N,17.0,2,0,0,0,23:00:00-23:59:00,2012,0,Dommages matériels seulement,Montréal(06),Montréal (66 ),2,0,0,0,0,0,0,0,0,0,0,0,0,0,0,0,0,0,0,0,0,0,40.0,288185.0939,5033952.303,A,1,O,N,45.4453,-73.7124
SPVM _ 2013 _ 28671,VE,2013/05/17,66023.0,,,,METROPOLITAIN,1.0,RAY LAWSON,,,,,,,,,,,,,,,,,,2,0,0,0,20:00:00-20:59:00,2013,0,Dommages matériels inférieurs au seuil de rapportage,Montréal(06),Montréal (66 ),1,0,0,0,0,0,0,0,0,0,0,0,1,0,0,0,0,0,0,0,0,0,60.0,300280.125,5052779.5,A,1,N,N,45.6149,-73.55795
SPVM _ 2014 _ 16479,VE,2014/06/13,66023.0,,,,MT JOLI,1.0,PARC GEORGES,,31.0,,12.0,1.0,2.0,,14.0,1.0,11.0,32.0,6.0,2.0,,,,14.0,2,0,0,2,15:00:00-15:59:00,2014,2,Léger,Montréal(06),Montréal (66 ),2,0,0,0,0,0,0,0,0,0,0,0,0,0,0,0,0,0,0,0,0,0,40.0,294033.2,5048825.5,A,1,N,N,45.57925,-73.63796
SPVM _ 2017 _ 5281,LU,2017/05/08,66023.0,1719.0,,,THERRIEN,2.0,A L ARR,,31.0,,11.0,1.0,3.0,,21.0,,11.0,40.0,,1.0,,,,11.0,2,0,0,0,09:00:00-09:59:00,2017,0,Dommages matériels seulement,Montréal(06),Montréal (66 ),1,0,0,0,0,0,0,0,0,0,0,0,1,0,0,0,0,0,0,0,0,0,10.0,295042.64543,5032937.4368,A,1,O,N,45.4363,-73.62471
SPVM _ 2013 _ 12785,LU,2013/10/21,66023.0,,,,ST URBAIN,,STE CATHERINE,,31.0,,,,3.0,,13.0,,,,,,,,,,2,0,0,0,Non précisé,2013,0,Dommages matériels inférieurs au seuil de rapportage,Montréal(06),Montréal (66 ),1,0,0,0,0,0,0,0,0,0,0,0,1,0,0,0,0,0,0,0,0,0,,299735.68299,5040981.171,A,1,N,N,45.50873,-73.56481
SPVM _ 2014 _ 10568,ME,2014/04/30,66023.0,,,,VICTORIA,1.0,JEAN TALON,150.0,31.0,,12.0,3.0,4.0,,15.0,,11.0,34.0,,1.0,,,,14.0,2,0,0,0,21:00:00-21:59:00,2014,0,Dommages matériels inférieurs au seuil de rapportage,Montréal(06),Montréal (66 ),1,0,0,0,0,0,0,0,0,0,0,0,1,0,0,0,0,0,0,0,0,0,,293239.4,5039895.043,A,2,N,N,45.49888,-73.64792
SPVM _ 2013 _ 19958,VE,2013/07/26,66023.0,7920.0,,,ST LAURENT TERR VILLE MONTREAL,,,,31.0,,,,5.0,,14.0,,11.0,,,,,,,,2,0,0,0,17:00:00-17:59:00,2013,0,Dommages matériels inférieurs au seuil de rapportage,Montréal(06),Montréal (66 ),1,0,0,0,0,0,0,0,0,0,0,0,1,0,0,0,0,0,0,0,0,0,,294785.777,5044247.892,A,1,N,N,45.53807,-73.62823
SPVM _ 2019 _ 6656,ME,2019/04/10,66023.0,,,,SHERBROOKE ET MC TAVISH,1.0,SHERBROOKE ET MC TAVISH,,33.0,,11.0,1.0,3.0,138.0,12.0,1.0,11.0,32.0,6.0,3.0,,,,11.0,2,0,0,1,08:00:00-08:59:00,2019,1,Léger,Montréal(06),Montréal (66 ),1,0,0,0,1,0,0,0,0,0,0,0,0,0,0,0,0,0,0,0,1,1,50.0,298881.258,5040307.985,A,1,N,N,45.50267,-73.57574
SPVM _ 2012 _ 10305,DI,2012/11/18,66023.0,1.0,,,PL DU COMMERCE,,ILE DES SOEURS,,31.0,,11.0,1.0,3.0,,21.0,,11.0,,,9.0,,,,11.0,2,0,0,0,Non précisé,2012,0,Dommages matériels inférieurs au seuil de rapportage,Montréal(06),Montréal (66 ),1,0,0,0,0,0,0,0,0,0,0,0,1,0,0,0,0,0,0,0,0,0,,301281.56421,5036501.5917,A,1,O,N,45.46843,-73.545
SPVM _ 2019 _ 7168,VE,2019/11/15,66023.0,,,,WILLIAM,1.0,MURRAY,,31.0,,17.0,3.0,3.0,,14.0,,11.0,32.0,,1.0,,,,17.0,2,0,0,0,22:00:00-22:59:00,2019,0,Dommages matériels seulement,Montréal(06),Montréal (66 ),1,1,0,0,0,0,0,0,0,0,0,0,0,0,0,0,0,0,0,0,0,0,40.0,299946.45601,5039309.056,A,1,N,N,45.49369,-73.5621
SPVM _ 2012 _ 29537,JE,2012/04/26,66023.0,6420.0,,,SHERBROOKE,,,,31.0,,12.0,1.0,3.0,,21.0,,11.0,,,2.0,,,,14.0,1,0,0,0,17:00:00-17:59:00,2012,0,Dommages matériels seulement,Montréal(06),Montréal (66 ),1,0,0,0,0,0,0,0,0,0,0,0,0,0,0,0,0,0,0,0,0,0,,301356.317,5049002.704,A,1,O,N,45.58092,-73.54413
SPVM _ 2017 _ 15280,MA,2017/11/21,66023.0,6688.0,,,DES ECORES,,,,31.0,,11.0,3.0,2.0,,14.0,,11.0,33.0,,1.0,,,N,11.0,2,0,0,0,14:00:00-14:59:00,2017,0,Dommages matériels seulement,Montréal(06),Montréal (66 ),1,0,0,0,0,0,0,0,0,0,0,0,1,0,0,0,0,0,0,0,0,0,30.0,297290.587,5045481.585,A,1,N,N,45.54921,-73.59617
SPVM _ 2014 _ 18290,SA,2014/05/17,66023.0,,,,43E AV,1.0,ST ZOTIQUE,,33.0,,11.0,1.0,2.0,,14.0,1.0,11.0,32.0,6.0,1.0,,,,11.0,2,0,0,1,Non précisé,2014,1,Léger,Montréal(06),Montréal (66 ),1,0,0,0,1,0,0,0,0,0,0,0,0,0,0,0,0,0,0,0,1,1,,299124.7,5048474.727,A,1,N,N,45.57616,-73.57272
SPVM _ 2019 _ 3104,VE,2019/12/13,66058.0,5707.0,,,COTE ST LUC,,,,31.0,,11.0,3.0,2.0,,14.0,,11.0,34.0,,2.0,,,,11.0,2,0,0,0,01:00:00-01:59:00,2019,0,Dommages matériels seulement,Montréal(06),Montréal (66 ),1,0,0,0,0,0,0,0,1,0,0,0,0,0,0,0,0,0,0,0,0,0,50.0,294573.045,5037581.0925,A,1,N,N,45.47808,-73.63081
SPVM _ 2016 _ 20003,MA,2016/03/01,66023.0,,,,ROSEMONT,1.0,LACORDAIRE,,31.0,,11.0,1.0,2.0,,13.0,,11.0,32.0,,3.0,,,,11.0,2,0,0,0,11:00:00-11:59:00,2016,0,Dommages matériels seulement,Montréal(06),Montréal (66 ),2,0,0,0,0,0,0,0,0,0,0,0,0,0,0,0,0,0,0,0,0,0,50.0,300120.3,5048738.037,A,1,N,N,45.57853,-73.55996
SPVM _ 2014 _ 7209,VE,2014/08/08,66023.0,,,,DE MAISONNEUVE,1.0,DE LA MONTAGNE,,31.0,,11.0,1.0,3.0,,21.0,,11.0,,,,,,,11.0,2,0,0,0,14:00:00-14:59:00,2014,0,Dommages matériels seulement,Montréal(06),Montréal (66 ),2,0,0,0,0,0,0,0,0,0,0,0,0,0,0,0,0,0,0,0,0,0,,298792.6,5039878.631,A,1,O,N,45.4988,-73.57687
SPVM _ 2012 _ 19155,MA,2012/10/30,66023.0,,,,ST MICHEL,1.0,CHARLAND,,31.0,,11.0,1.0,3.0,,13.0,,11.0,32.0,,3.0,,,S,11.0,2,0,0,0,12:00:00-12:59:00,2012,0,Dommages matériels seulement,Montréal(06),Montréal (66 ),2,0,0,0,0,0,0,0,0,0,0,0,0,0,0,0,0,0,0,0,0,0,50.0,294216.029,5048413.428,A,1,N,N,45.57555,-73.63561
SPVM _ 2014 _ 13669,DI,2014/06/22,66023.0,8122.0,,,STUART,,,,31.0,,11.0,1.0,2.0,,14.0,,11.0,34.0,,1.0,,,,11.0,2,0,0,0,21:00:00-21:59:00,2014,0,Dommages matériels inférieurs au seuil de rapportage,Montréal(06),Montréal (66 ),1,0,0,0,0,0,0,0,0,0,0,0,1,0,0,0,0,0,0,0,0,0,40.0,294076.8,5043203.678,A,1,N,N,45.52867,-73.63728
SPVM _ 2016 _ 5075,ME,2016/05/18,66023.0,,,,BD LASALLE,1.0,75E AV,,33.0,,11.0,1.0,2.0,,13.0,1.0,11.0,32.0,6.0,2.0,,,,11.0,2,0,0,1,07:00:00-07:59:00,2016,1,Léger,Montréal(06),Montréal (66 ),1,0,0,0,1,0,0,0,0,0,0,0,0,0,0,0,0,0,0,0,1,1,40.0,294428.4,5030683.541,A,1,N,N,45.41601,-73.63252
SPVM _ 2015 _ 11052,LU,2015/09/07,66023.0,6300.0,,,DECARIE,,,,31.0,,11.0,1.0,3.0,,21.0,,11.0,33.0,,2.0,,,,11.0,2,0,0,0,18:00:00-18:59:00,2015,0,Dommages matériels seulement,Montréal(06),Montréal (66 ),2,0,0,0,0,0,0,0,0,0,0,0,0,0,0,0,0,0,0,0,0,0,,293591.8,5038888.037,A,1,O,N,45.48983,-73.64339
SPVM _ 2017 _ 2617,JE,2017/12/21,66023.0,,,,TRANSCANADIENNE,1.0,POIRIER,200.0,31.0,,11.0,1.0,3.0,,12.0,,11.0,32.0,,1.0,,,,11.0,2,0,0,0,16:00:00-16:59:00,2017,0,Dommages matériels seulement,Montréal(06),Montréal (66 ),2,0,0,0,0,0,0,0,0,0,0,0,0,0,0,0,0,0,0,0,0,0,50.0,287218.188,5038914.5,A,2,N,N,45.48993,-73.72493
SPVM _ 2013 _ 7149,ME,2013/06/26,66023.0,,,,ST ANTOINE,,GREEN,,,,11.0,1.0,,,13.0,,11.0,34.0,,1.0,,,,12.0,2,0,0,0,15:00:00-15:59:00,2013,0,Dommages matériels seulement,Montréal(06),Montréal (66 ),1,0,0,0,0,0,0,0,0,0,0,0,1,0,0,0,0,0,0,0,0,0,,298288.175,5038205.168,A,2,N,N,45.48374,-73.5833
SPVM _ 2017 _ 3345,VE,2017/12/15,66047.0,,,,WESTMINSTER,,AVON,10.0,31.0,,19.0,1.0,2.0,,14.0,,11.0,33.0,,3.0,,,,11.0,2,0,0,0,16:00:00-16:59:00,2017,0,Dommages matériels inférieurs au seuil de rapportage,Montréal(06),Montréal (66 ),2,0,0,0,0,0,0,0,0,0,0,0,0,0,0,0,0,0,0,0,0,0,50.0,293723.313,5034615.5,A,1,N,N,45.45138,-73.64161
SPVM _ 2014 _ 9700,ME,2014/11/19,66023.0,,,,,,,,31.0,,,,,,,,,32.0,,,,,,,2,0,0,0,08:00:00-08:59:00,2014,0,Dommages matériels inférieurs au seuil de rapportage,Montréal(06),Montréal (66 ),2,0,0,0,0,0,0,0,0,0,0,0,0,0,0,0,0,0,0,0,0,0,,301525.55497,5045705.2355,C,4,N,N,45.55125,-73.54194
SPVM _ 2017 _ 7825,MA,2017/10/10,66023.0,3465.0,,,DE LA COTE DES NEIGES,2.0,FACE,,31.0,,11.0,1.0,2.0,,13.0,,13.0,34.0,,3.0,,,,11.0,2,0,0,0,08:00:00-08:59:00,2017,0,Dommages matériels seulement,Montréal(06),Montréal (66 ),2,0,0,0,0,0,0,0,0,0,0,0,0,0,0,0,0,0,0,0,0,0,50.0,298312.885,5039619.73,A,1,N,N,45.49647,-73.583
SPVM _ 2015 _ 19881,ME,2015/01/28,66023.0,,,,BOUCHERVILLE,1.0,SHERBROOKE,20.0,50.0,,11.0,1.0,3.0,,,1.0,22.0,99.0,8.0,1.0,,,N,11.0,1,0,0,1,10:00:00-10:59:00,2015,1,Léger,Montréal(06),Montréal (66 ),1,0,0,0,0,0,0,0,0,0,0,0,0,0,0,0,0,0,0,0,0,0,50.0,301923.4,5050405.578,A,2,O,O,45.59355,-73.53687
SPVM _ 2013 _ 17911,DI,2013/09/01,66023.0,,,,PAPINEAU,1.0,FLEURY E,2.0,31.0,,12.0,1.0,3.0,,13.0,,11.0,32.0,,5.0,,,S,12.0,2,0,0,0,16:00:00-16:59:00,2013,0,Dommages matériels inférieurs au seuil de rapportage,Montréal(06),Montréal (66 ),2,0,0,0,0,0,0,0,0,0,0,0,0,0,0,0,0,0,0,0,0,0,,292827.7,5047597.269,A,1,N,N,45.56818,-73.65338
SPVM _ 2016 _ 14130,SA,2016/03/12,66023.0,8387.0,,,EPEE,,,,31.0,,11.0,1.0,2.0,,14.0,,11.0,34.0,,1.0,,,,11.0,3,0,0,0,10:00:00-10:59:00,2016,0,Dommages matériels seulement,Montréal(06),Montréal (66 ),3,0,0,0,0,0,0,0,0,0,0,0,0,0,0,0,0,0,0,0,0,0,40.0,293842.30306,5043653.9421,A,1,N,N,45.53272,-73.64029
SPVM _ 2016 _ 13861,MA,2016/10/18,66023.0,,,,HENRI BRIEN,1.0,SAGARD,,31.0,,11.0,3.0,2.0,,14.0,,11.0,32.0,,1.0,,,,12.0,5,0,0,0,19:00:00-19:59:00,2016,0,Dommages matériels seulement,Montréal(06),Montréal (66 ),5,0,0,0,0,0,0,0,0,0,0,0,0,0,0,0,0,0,0,0,0,0,,295774.2,5046289.797,A,1,N,N,45.55646,-73.61561
SPVM _ 2018 _ 9798,ME,2018/05/09,66023.0,,,,SHERBROOKE E,1.0,D ORLEANS,,33.0,,11.0,1.0,3.0,,13.0,1.0,11.0,32.0,6.0,3.0,,,S,11.0,2,0,0,1,16:00:00-16:59:00,2018,1,Léger,Montréal(06),Montréal (66 ),1,0,0,0,1,0,0,0,0,0,0,0,0,0,0,0,0,0,0,0,1,1,50.0,300522.58699,5045837.112,A,1,N,N,45.55243,-73.55478
SPVM _ 2015 _ 5704,MA,2015/04/07,66023.0,,,,ST JACQUES,1.0,GEORGES VANIER,,31.0,,11.0,1.0,2.0,,13.0,,11.0,32.0,,3.0,,,,11.0,2,0,0,0,09:00:00-09:59:00,2015,0,Dommages matériels seulement,Montréal(06),Montréal (66 ),2,0,0,0,0,0,0,0,0,0,0,0,0,0,0,0,0,0,0,0,0,0,50.0,298997.8,5038568.679,A,1,N,N,45.48702,-73.57423
SPVM _ 2013 _ 30769,ME,2013/07/17,66023.0,,,,STE ANNE,1.0,BELLERIVE,20.0,59.0,,11.0,1.0,2.0,,14.0,,11.0,33.0,,2.0,2.0,,N,11.0,1,0,0,0,09:00:00-09:59:00,2013,0,Dommages matériels seulement,Montréal(06),Montréal (66 ),0,1,0,0,0,0,0,0,0,0,0,0,0,0,0,0,0,0,0,0,0,0,30.0,305719.097,5055465.542,A,1,N,N,45.63909,-73.48821
SPVM _ 2014 _ 21348,DI,2014/10/12,66107.0,,,,ST CHARLES,1.0,BEACON HILL,20.0,43.0,,11.0,2.0,2.0,,13.0,,13.0,34.0,,3.0,,,S,11.0,1,0,0,0,18:00:00-18:59:00,2014,0,Dommages matériels seulement,Montréal(06),Montréal (66 ),1,0,0,0,0,0,0,0,0,0,0,0,0,0,0,0,0,0,0,0,0,0,50.0,277516.8,5033203.096,A,2,N,N,45.43823,-73.84873
SPVM _ 2013 _ 555,SA,2013/10/12,66023.0,12703.0,,,SENAY,,,,31.0,,11.0,1.0,2.0,,14.0,,11.0,99.0,,2.0,,,S,11.0,2,0,0,0,13:00:00-13:59:00,2013,0,Dommages matériels inférieurs au seuil de rapportage,Montréal(06),Montréal (66 ),2,0,0,0,0,0,0,0,0,0,0,0,0,0,0,0,0,0,0,0,0,0,,278833.06984,5040229.885,A,1,O,N,45.50151,-73.83228
SPVM _ 2016 _ 8676,JE,2016/11/10,66023.0,,,,ST CHRISTOPHE,1.0,MAISONNEUVE,,31.0,,11.0,1.0,3.0,,13.0,,11.0,33.0,,1.0,,,N,11.0,2,0,0,0,11:00:00-11:59:00,2016,0,Dommages matériels seulement,Montréal(06),Montréal (66 ),1,0,0,0,0,0,0,0,1,0,0,0,0,0,0,0,0,0,0,0,0,0,50.0,300117.9,5041852.266,A,1,N,N,45.51657,-73.55993
SPVM _ 2018 _ 630,JE,2018/08/23,66142.0,,,,,1.0,BD ST JEAN ET JOLICOEUR,,31.0,,11.0,1.0,3.0,,13.0,1.0,11.0,32.0,6.0,3.0,,,,11.0,2,0,0,0,09:00:00-09:59:00,2018,0,Dommages matériels seulement,Montréal(06),Montréal (66 ),2,0,0,0,0,0,0,0,0,0,0,0,0,0,0,0,0,0,0,0,0,0,50.0,277537.90001,5038612.414,A,1,N,N,45.4869,-73.84876
SPVM _ 2013 _ 18742,DI,2013/05/12,66023.0,,,,ROBERT,,15E AV,1.0,31.0,,11.0,3.0,2.0,,14.0,,11.0,32.0,,1.0,,,S,12.0,4,0,0,0,03:00:00-03:59:00,2013,0,Dommages matériels seulement,Montréal(06),Montréal (66 ),3,0,0,0,0,0,0,0,0,0,0,0,1,0,0,0,0,0,0,0,0,0,50.0,295725.963,5047726.139,A,1,N,N,45.56939,-73.61625
SPVM _ 2017 _ 15725,DI,2017/05/07,66023.0,4063.0,,,RIVARD FACE AU,,,,31.0,,11.0,1.0,2.0,,14.0,,11.0,34.0,,1.0,,,,12.0,2,0,0,0,10:00:00-10:59:00,2017,0,Dommages matériels seulement,Montréal(06),Montréal (66 ),2,0,0,0,0,0,0,0,0,0,0,0,0,0,0,0,0,0,0,0,0,0,30.0,298822.19942,5042437.846,A,1,N,N,45.52183,-73.57652
SPVM _ 2013 _ 6940,ME,2013/02/27,66023.0,,,,STE CATHERINE O,1.0,ST MARC,,32.0,,11.0,1.0,3.0,,13.0,1.0,11.0,32.0,6.0,1.0,,,,11.0,1,0,0,1,11:00:00-11:59:00,2013,1,Léger,Montréal(06),Montréal (66 ),0,0,0,0,0,0,0,1,0,0,0,0,0,0,1,1,0,0,0,0,0,0,,298513.556,5039213.55,A,1,N,N,45.49282,-73.58043
SPVM _ 2019 _ 1889,ME,2019/06/12,66023.0,,,,,1.0,TRANSCANADIENNE ET CAVENDISH,100.0,38.0,,11.0,1.0,4.0,,13.0,2.0,11.0,34.0,1.0,1.0,,,E,11.0,1,0,0,1,06:00:00-06:59:00,2019,1,Léger,Montréal(06),Montréal (66 ),0,0,0,1,0,0,0,0,0,0,0,0,0,0,0,0,0,0,0,0,0,0,50.0,289588.14,5039118.536,A,2,N,O,45.49182,-73.69462
SPVM _ 2015 _ 7873,MA,2015/02/24,66023.0,,,,BERRI,1.0,STE CATHERINE,5.0,31.0,,15.0,1.0,3.0,,13.0,,11.0,32.0,,3.0,,,S,11.0,2,0,0,0,13:00:00-13:59:00,2015,0,Dommages matériels inférieurs au seuil de rapportage,Montréal(06),Montréal (66 ),2,0,0,0,0,0,0,0,0,0,0,0,0,0,0,0,0,0,0,0,0,0,50.0,300138.0,5041637.578,A,1,N,N,45.51464,-73.55967
SPVM _ 2012 _ 706,ME,2012/02/01,66142.0,,,,BD DES SOURCES,1.0,14E RUE,2.0,,,18.0,3.0,3.0,,13.0,,11.0,,,5.0,,,S,19.0,1,0,0,0,03:00:00-03:59:00,2012,0,Dommages matériels seulement,Montréal(06),Montréal (66 ),1,0,0,0,0,0,0,0,0,0,0,0,0,0,0,0,0,0,0,0,0,0,50.0,280442.07501,5039870.673,A,1,N,N,45.49833,-73.81167
SPVM _ 2019 _ 6991,LU,2019/09/02,66023.0,,,,BD ROBERT BOURASSA,1.0,N-D O,,31.0,,12.0,1.0,3.0,,13.0,,11.0,32.0,,5.0,,,N,12.0,2,0,0,0,16:00:00-16:59:00,2019,0,Dommages matériels inférieurs au seuil de rapportage,Montréal(06),Montréal (66 ),2,0,0,0,0,0,0,0,0,0,0,0,0,0,0,0,0,0,0,0,0,0,50.0,300012.687,5039849.275,A,2,N,N,45.49855,-73.56126
SPVM _ 2019 _ 851,SA,2019/02/09,66087.0,554.0,,,MICHEL JASMIN,2.0,AV MARSHALL,,31.0,,11.0,3.0,3.0,,13.0,,11.0,99.0,,2.0,,,,11.0,2,0,0,0,00:00:00-00:59:00,2019,0,Dommages matériels seulement,Montréal(06),Montréal (66 ),2,0,0,0,0,0,0,0,0,0,0,0,0,0,0,0,0,0,0,0,0,0,,286344.94913,5034815.9299,A,1,O,N,45.45303,-73.73595
SPVM _ 2017 _ 17364,JE,2017/10/05,66023.0,,,,HENRI BOURASSA,1.0,DES RECOLLETS,10.0,31.0,,11.0,1.0,3.0,,13.0,,11.0,32.0,,3.0,,,N,11.0,2,0,0,0,09:00:00-09:59:00,2017,0,Dommages matériels inférieurs au seuil de rapportage,Montréal(06),Montréal (66 ),1,0,0,0,0,0,0,0,1,0,0,0,0,0,0,0,0,0,0,0,0,0,50.0,293571.318,5050464.312,A,1,N,N,45.59399,-73.64392
SPVM _ 2019 _ 1560,VE,2019/02/15,66023.0,3570.0,,,GRIFFITH,,,,31.0,,16.0,1.0,3.0,,21.0,,11.0,99.0,,9.0,,,,11.0,2,0,0,0,10:00:00-10:59:00,2019,0,Dommages matériels inférieurs au seuil de rapportage,Montréal(06),Montréal (66 ),1,1,0,0,0,0,0,0,0,0,0,0,0,0,0,0,0,0,0,0,0,0,,289414.318,5038509.27,A,1,O,N,45.48634,-73.69683
SPVM _ 2018 _ 8698,MA,2018/10/23,66023.0,,,,N-D,1.0,ST GABRIEL,,31.0,,11.0,1.0,3.0,,13.0,1.0,11.0,32.0,6.0,2.0,1.0,,,11.0,2,0,0,0,16:00:00-16:59:00,2018,0,Dommages matériels seulement,Montréal(06),Montréal (66 ),2,0,0,0,0,0,0,0,0,0,0,0,0,0,0,0,0,0,0,0,0,0,50.0,300499.179,5040787.986,A,1,N,N,45.507,-73.55504
SPVM _ 2017 _ 10498,LU,2017/07/03,66023.0,,,,VAN HORNE,1.0,QUERBES,,31.0,,11.0,1.0,3.0,,13.0,1.0,11.0,32.0,6.0,3.0,,,,11.0,2,0,0,1,16:00:00-16:59:00,2017,1,Léger,Montréal(06),Montréal (66 ),1,0,0,0,0,1,0,0,0,0,0,0,0,0,0,0,0,0,0,0,0,0,40.0,296053.98,5042655.262,A,1,N,N,45.52376,-73.61196
SPVM _ 2014 _ 15489,MA,2014/07/08,66023.0,,,,ST DENIS,1.0,MARIE ANNE,,31.0,,11.0,1.0,3.0,,13.0,1.0,11.0,32.0,6.0,3.0,,,S,11.0,3,0,0,1,10:00:00-10:59:00,2014,1,Léger,Montréal(06),Montréal (66 ),3,0,0,0,0,0,0,0,0,0,0,0,0,0,0,0,0,0,0,0,0,0,50.0,298505.7,5042556.15,A,1,N,N,45.52289,-73.58057
SPVM _ 2017 _ 16983,LU,2017/05/15,66023.0,,,,LEGER BD,1.0,ROLLAND,,32.0,,11.0,1.0,2.0,,13.0,1.0,11.0,32.0,6.0,4.0,,,O,11.0,1,0,0,1,13:00:00-13:59:00,2017,1,Léger,Montréal(06),Montréal (66 ),1,0,0,0,0,0,0,0,0,0,0,0,0,0,1,1,0,0,0,0,0,0,50.0,295013.494,5053463.499,A,1,N,N,45.621,-73.6255
SPVM _ 2014 _ 7059,ME,2014/06/11,66023.0,,,,UNIVERSITE,1.0,N-D,,31.0,,11.0,3.0,3.0,,13.0,,11.0,33.0,,1.0,,,N,11.0,2,0,0,0,01:00:00-01:59:00,2014,0,Dommages matériels inférieurs au seuil de rapportage,Montréal(06),Montréal (66 ),1,0,0,0,0,0,0,1,0,0,0,0,0,0,0,0,0,0,0,0,0,0,50.0,300004.5,5039828.536,A,2,N,N,45.49836,-73.56136
SPVM _ 2015 _ 3931,ME,2015/04/29,66023.0,3487.0,,,WALKLEY,,,,,,11.0,3.0,2.0,,14.0,,11.0,34.0,,1.0,,,,11.0,2,0,0,0,14:00:00-14:59:00,2015,0,Dommages matériels seulement,Montréal(06),Montréal (66 ),1,0,0,0,0,0,0,0,0,0,0,0,1,0,0,0,0,0,0,0,0,0,,294463.74443,5035928.884,A,1,N,N,45.46321,-73.63218
SPVM _ 2015 _ 19071,JE,2015/03/12,66023.0,12259.0,,,COPERNIC,1.0,LORENZO PRINCE,50.0,31.0,,11.0,3.0,2.0,,14.0,,11.0,33.0,,2.0,,,N,11.0,2,0,0,0,18:00:00-18:59:00,2015,0,Dommages matériels inférieurs au seuil de rapportage,Montréal(06),Montréal (66 ),2,0,0,0,0,0,0,0,0,0,0,0,0,0,0,0,0,0,0,0,0,0,50.0,297411.6225,5055024.868,A,1,N,N,45.63508,-73.59477
SPVM _ 2015 _ 20551,VE,2015/10/09,66023.0,,,,BOUCHERVILLE,1.0,CURATTEAU,,31.0,,12.0,1.0,3.0,,11.0,5.0,11.0,32.0,,1.0,,,,15.0,2,0,0,1,06:00:00-06:59:00,2015,1,Léger,Montréal(06),Montréal (66 ),2,0,0,0,0,0,0,0,0,0,0,0,0,0,0,0,0,0,0,0,0,0,,302513.3,5050234.891,A,2,N,O,45.59202,-73.52931
SPVM _ 2016 _ 8997,LU,2016/05/02,66023.0,,,,HAVRE,1.0,HOCHELAGA,,31.0,,11.0,1.0,2.0,,13.0,,13.0,32.0,,3.0,,,,12.0,2,0,0,0,19:00:00-19:59:00,2016,0,Dommages matériels seulement,Montréal(06),Montréal (66 ),2,0,0,0,0,0,0,0,0,0,0,0,0,0,0,0,0,0,0,0,0,0,50.0,300247.4,5043997.82,A,1,N,N,45.53588,-73.55829
SPVM _ 2012 _ 442,SA,2012/09/01,66023.0,,,,,1.0,GOUIN E ET CENTR COMMERCIAL,,,,11.0,1.0,3.0,,12.0,,11.0,,,2.0,,,,11.0,2,0,0,0,16:00:00-16:59:00,2012,0,Dommages matériels inférieurs au seuil de rapportage,Montréal(06),Montréal (66 ),2,0,0,0,0,0,0,0,0,0,0,0,0,0,0,0,0,0,0,0,0,0,,280810.71649,5041267.9451,A,1,N,O,45.51092,-73.80702
SPVM _ 2015 _ 4074,SA,2015/08/08,66023.0,3455.0,,,GIROUARD,2.0,FACE A,,31.0,,11.0,1.0,2.0,,13.0,,13.0,34.0,,1.0,,,,11.0,2,0,0,0,12:00:00-12:59:00,2015,0,Dommages matériels inférieurs au seuil de rapportage,Montréal(06),Montréal (66 ),2,0,0,0,0,0,0,0,0,0,0,0,0,0,0,0,0,0,0,0,0,0,,295913.93964,5037043.3961,A,1,N,N,45.47326,-73.61365
SPVM _ 2019 _ 3436,VE,2019/09/20,66023.0,,,,BD ACADIE,1.0,PRES DE HENRI BOURASSA,,31.0,,11.0,1.0,9.0,,13.0,1.0,11.0,33.0,6.0,3.0,,,S,11.0,2,0,0,1,15:00:00-15:59:00,2019,1,Léger,Montréal(06),Montréal (66 ),2,0,0,0,0,0,0,0,0,0,0,0,0,0,0,0,0,0,0,0,0,0,,290662.26001,5043832.263,A,1,N,N,45.53426,-73.68101
SPVM _ 2017 _ 14120,DI,2017/10/08,66023.0,1414.0,,,VILLERAY,,,,31.0,,11.0,1.0,2.0,,14.0,,11.0,33.0,,2.0,,,,12.0,2,0,0,0,17:00:00-17:59:00,2017,0,Dommages matériels inférieurs au seuil de rapportage,Montréal(06),Montréal (66 ),1,0,0,1,0,0,0,0,0,0,0,0,0,0,0,0,0,0,0,0,0,0,50.0,295706.5905,5045486.393,A,1,N,N,45.54923,-73.61646
SPVM _ 2012 _ 278,DI,2012/05/13,66023.0,,,,,,,,31.0,,11.0,1.0,3.0,,22.0,,11.0,99.0,,9.0,,,,11.0,2,0,0,0,10:00:00-10:59:00,2012,0,Dommages matériels inférieurs au seuil de rapportage,Montréal(06),Montréal (66 ),1,0,0,0,0,0,0,0,0,0,0,0,1,0,0,0,0,0,0,0,0,0,,275209.46185,5038619.3752,C,4,N,N,45.48687,-73.87855
SPVM _ 2014 _ 19406,VE,2014/05/23,66023.0,,,,VOIE SERV AUT 40,,RAY LAWSON,,39.0,,11.0,1.0,3.0,,11.0,,11.0,,,1.0,,,,11.0,2,0,0,0,13:00:00-13:59:00,2014,0,Dommages matériels inférieurs au seuil de rapportage,Montréal(06),Montréal (66 ),2,0,0,0,0,0,0,0,0,0,0,0,0,0,0,0,0,0,0,0,0,0,,300280.1,5052779.5,A,1,N,N,45.6149,-73.55795
SPVM _ 2018 _ 8814,JE,2018/12/13,66023.0,,,,RENE LEVESQUE,1.0,ST DENIS,,31.0,,11.0,3.0,3.0,,13.0,,11.0,32.0,,3.0,,,,11.0,2,0,0,0,03:00:00-03:59:00,2018,0,Dommages matériels seulement,Montréal(06),Montréal (66 ),1,0,0,0,0,0,0,1,0,0,0,0,0,0,0,0,0,0,0,0,0,0,50.0,300245.928,5041425.305,A,1,N,N,45.51273,-73.55829
SPVM _ 2017 _ 2669,DI,2017/01/22,66023.0,,,,19E AV,1.0,N-D,5.0,31.0,,16.0,1.0,3.0,,14.0,,11.0,33.0,,2.0,,,S,11.0,2,0,0,0,18:00:00-18:59:00,2017,0,Dommages matériels inférieurs au seuil de rapportage,Montréal(06),Montréal (66 ),1,0,0,0,0,0,0,0,0,0,0,0,1,0,0,0,0,0,0,0,0,0,30.0,290629.75,5032810.5,A,1,N,N,45.43508,-73.68111
SPVM _ 2012 _ 823,SA,2012/05/19,66142.0,11800.0,,,BD SALABERRY,,,,31.0,,11.0,1.0,3.0,,,,,,,,,,,11.0,2,0,0,0,16:00:00-16:59:00,2012,0,Dommages matériels inférieurs au seuil de rapportage,Montréal(06),Montréal (66 ),2,0,0,0,0,0,0,0,0,0,0,0,0,0,0,0,0,0,0,0,0,0,,280968.09315,5038343.803,A,1,N,N,45.48461,-73.80487
SPVM _ 2017 _ 19179,VE,2017/12/01,66023.0,,,,2E AV,1.0,LAURIER,2.0,32.0,,11.0,2.0,2.0,,14.0,,11.0,32.0,,2.0,,,S,11.0,1,0,1,0,16:00:00-16:59:00,2017,1,Grave,Montréal(06),Montréal (66 ),1,0,0,0,0,0,0,0,0,0,0,0,0,0,1,1,0,0,0,0,0,0,30.0,299107.583,5045005.02,A,1,N,N,45.54494,-73.5729
SPVM _ 2018 _ 14108,ME,2018/03/21,66023.0,,,,D OUTREMONT,,JARRY,,31.0,,11.0,1.0,2.0,,14.0,,11.0,33.0,,1.0,,,S,11.0,2,0,0,0,Non précisé,2018,0,Dommages matériels inférieurs au seuil de rapportage,Montréal(06),Montréal (66 ),1,0,0,0,0,0,0,0,0,0,0,0,1,0,0,0,0,0,0,0,0,0,40.0,294128.01501,5043325.628,A,1,N,N,45.52977,-73.63663
SPVM _ 2019 _ 11738,JE,2019/08/15,66023.0,,,,CREMAZIE,1.0,BD ST MICHEL,5.0,31.0,,11.0,1.0,3.0,,13.0,,11.0,32.0,,1.0,,,S,11.0,2,0,0,0,13:00:00-13:59:00,2019,0,Dommages matériels seulement,Montréal(06),Montréal (66 ),2,0,0,0,0,0,0,0,0,0,0,0,0,0,0,0,0,0,0,0,0,0,50.0,296517.271,5046966.158,A,1,N,O,45.56256,-73.6061
SPVM _ 2014 _ 9382,LU,2014/03/24,66023.0,,,,SHERBROOKE,1.0,CUVILLIER,,31.0,,11.0,1.0,2.0,,12.0,,12.0,32.0,,1.0,,,,11.0,2,0,0,0,18:00:00-18:59:00,2014,0,Dommages matériels seulement,Montréal(06),Montréal (66 ),2,0,0,0,0,0,0,0,0,0,0,0,0,0,0,0,0,0,0,0,0,0,,300451.6,5045188.698,A,1,N,N,45.5466,-73.55569
SPVM _ 2016 _ 4354,LU,2016/11/28,66023.0,,,,FIELDING,1.0,HAMPTON,,31.0,,11.0,1.0,2.0,,14.0,,11.0,32.0,,2.0,,,,12.0,2,0,0,0,07:00:00-07:59:00,2016,0,Dommages matériels seulement,Montréal(06),Montréal (66 ),2,0,0,0,0,0,0,0,0,0,0,0,0,0,0,0,0,0,0,0,0,0,50.0,294057.1,5037317.527,A,1,N,N,45.4757,-73.63741
SPVM _ 2012 _ 26424,ME,2012/12/05,66023.0,,,,JEAN TALON,1.0,LACORDAIRE,,31.0,,11.0,1.0,3.0,,13.0,1.0,11.0,32.0,6.0,3.0,,,,11.0,4,0,0,1,13:00:00-13:59:00,2012,1,Léger,Montréal(06),Montréal (66 ),4,0,0,0,0,0,0,0,0,0,0,0,0,0,0,0,0,0,0,0,0,0,50.0,298504.232,5049242.966,A,1,N,N,45.58307,-73.58068
SPVM _ 2018 _ 17667,SA,2018/07/14,66023.0,,,,MONTREAL,1.0,AIME RENAUD,,31.0,,11.0,1.0,2.0,,13.0,1.0,11.0,32.0,6.0,2.0,,,,11.0,2,0,0,1,14:00:00-14:59:00,2018,1,Léger,Montréal(06),Montréal (66 ),2,0,0,0,0,0,0,0,0,0,0,0,0,0,0,0,0,0,0,0,0,0,50.0,297366.76618,5049936.8501,B,4,N,N,45.5893,-73.59527
SPVM _ 2013 _ 30674,VE,2013/05/31,66023.0,,,,N-D,1.0,SHERBROOKE,,31.0,,11.0,1.0,2.0,,19.0,1.0,11.0,31.0,6.0,1.0,,,,11.0,1,0,0,1,06:00:00-06:59:00,2013,1,Léger,Montréal(06),Montréal (66 ),0,0,0,0,0,0,1,0,0,0,0,0,0,0,0,0,0,1,1,0,0,0,,305998.18048,5062066.9232,A,1,N,O,45.69849,-73.48461
SPVM _ 2019 _ 3170,LU,2019/02/11,66023.0,11776.0,,,RANGER,2.0,GRENET,20.0,31.0,,17.0,1.0,2.0,,14.0,,11.0,34.0,,2.0,,,O,11.0,2,0,0,0,09:00:00-09:59:00,2019,0,Dommages matériels seulement,Montréal(06),Montréal (66 ),1,1,0,0,0,0,0,0,0,0,0,0,0,0,0,0,0,0,0,0,0,0,40.0,288454.52992,5042720.508,A,1,N,N,45.52421,-73.70924
SPVM _ 2015 _ 1900,DI,2015/05/17,66023.0,3280.0,,,TOUPIN,,,10.0,31.0,,11.0,1.0,2.0,,14.0,,11.0,32.0,,4.0,,,S,11.0,2,0,0,0,14:00:00-14:59:00,2015,0,Dommages matériels seulement,Montréal(06),Montréal (66 ),1,0,0,1,0,0,0,0,0,0,0,0,0,0,0,0,0,0,0,0,0,0,50.0,287001.3,5042108.938,A,2,N,N,45.51867,-73.72783
SPVM _ 2012 _ 22448,JE,2012/10/11,66023.0,,,,ST LAURENT,1.0,VILLENEUVE,,31.0,,11.0,3.0,3.0,,14.0,,11.0,32.0,,1.0,,,S,12.0,3,0,0,0,18:00:00-18:59:00,2012,0,Dommages matériels seulement,Montréal(06),Montréal (66 ),3,0,0,0,0,0,0,0,0,0,0,0,0,0,0,0,0,0,0,0,0,0,50.0,297820.809,5042397.078,A,1,N,N,45.52146,-73.58934
SPVM _ 2013 _ 31134,LU,2013/01/14,66102.0,3608.0,,,ST CHARLES,,,,31.0,,,,3.0,,,,,,,,,,,,2,0,0,0,Non précisé,2013,0,Dommages matériels inférieurs au seuil de rapportage,Montréal(06),Montréal (66 ),1,0,0,0,0,0,0,0,0,0,0,0,1,0,0,0,0,0,0,0,0,0,,276398.17372,5035271.6089,A,1,N,N,45.4568,-73.86315
SPVM _ 2013 _ 23325,DI,2013/07/14,66023.0,,,,CLARK,1.0,GUILBEAULT,,31.0,,11.0,,2.0,,14.0,,11.0,32.0,,1.0,,,,11.0,2,0,0,0,18:00:00-18:59:00,2013,0,Dommages matériels seulement,Montréal(06),Montréal (66 ),1,0,0,0,0,0,0,0,0,0,0,0,1,0,0,0,0,0,0,0,0,0,50.0,298939.97301,5041604.588,A,1,N,N,45.51434,-73.575
SPVM _ 2012 _ 13480,LU,2012/08/06,66023.0,2120.0,,,ONTARIO,,,,33.0,,11.0,1.0,3.0,,12.0,1.0,11.0,34.0,6.0,3.0,,,,11.0,2,0,0,1,20:00:00-20:59:00,2012,1,Léger,Montréal(06),Montréal (66 ),1,0,0,0,1,0,0,0,0,0,0,0,0,0,0,0,0,0,0,0,1,1,50.0,300342.345,5043165.3445,A,1,N,N,45.52839,-73.55707
SPVM _ 2012 _ 30423,SA,2012/01/14,66023.0,3759.0,,,JEAN RAIMBAULT,1.0,CHERRIER,,31.0,,16.0,1.0,2.0,,14.0,,11.0,32.0,,1.0,,,,11.0,2,0,0,0,12:00:00-12:59:00,2012,0,Dommages matériels inférieurs au seuil de rapportage,Montréal(06),Montréal (66 ),1,1,0,0,0,0,0,0,0,0,0,0,0,0,0,0,0,0,0,0,0,0,40.0,303635.84199,5058228.337,A,2,N,N,45.66395,-73.51494
SPVM _ 2013 _ 18106,SA,2013/10/26,66023.0,1385.0,,,LOUVAIN E,,,,31.0,,12.0,3.0,2.0,,14.0,1.0,11.0,33.0,6.0,2.0,,,,14.0,2,0,0,1,20:00:00-20:59:00,2013,1,Léger,Montréal(06),Montréal (66 ),2,0,0,0,0,0,0,0,0,0,0,0,0,0,0,0,0,0,0,0,0,0,50.0,293507.31801,5046794.96,A,1,N,O,45.56097,-73.64466
SPVM _ 2019 _ 16800,VE,2019/10/25,66023.0,,,,RACHEL,,D ORLEANS,,31.0,,11.0,1.0,2.0,,13.0,,11.0,33.0,,3.0,,,,11.0,2,0,0,0,17:00:00-17:59:00,2019,0,Dommages matériels seulement,Montréal(06),Montréal (66 ),2,0,0,0,0,0,0,0,0,0,0,0,0,0,0,0,0,0,0,0,0,0,,300416.687,5045887.11,A,1,N,N,45.55288,-73.55614
SPVM _ 2017 _ 3222,DI,2017/05/21,66058.0,,,,KILDARE,,KELLERT,,31.0,,11.0,1.0,2.0,,14.0,1.0,11.0,32.0,6.0,3.0,,,,11.0,3,0,0,0,14:00:00-14:59:00,2017,0,Dommages matériels seulement,Montréal(06),Montréal (66 ),3,0,0,0,0,0,0,0,0,0,0,0,0,0,0,0,0,0,0,0,0,0,50.0,292035.221,5037096.878,A,1,N,N,45.47368,-73.66326
SPVM _ 2018 _ 20648,VE,2018/01/26,66023.0,,,,HENRI-BOURASSA E,1.0,42E AV,,31.0,,17.0,3.0,2.0,,13.0,,11.0,32.0,,1.0,,,,11.0,2,0,0,0,17:00:00-17:59:00,2018,0,Dommages matériels seulement,Montréal(06),Montréal (66 ),2,0,0,0,0,0,0,0,0,0,0,0,0,0,0,0,0,0,0,0,0,0,50.0,304086.266,5058382.695,A,1,N,O,45.66533,-73.50916
SPVM _ 2019 _ 16490,SA,2019/04/27,66023.0,6676.0,,,16E AV,2.0,ST ZOTIQUE,25.0,31.0,,11.0,2.0,2.0,,14.0,,11.0,33.0,,1.0,,,N,11.0,3,0,0,0,20:00:00-20:59:00,2019,0,Dommages matériels seulement,Montréal(06),Montréal (66 ),3,0,0,0,0,0,0,0,0,0,0,0,0,0,0,0,0,0,0,0,0,0,50.0,298028.46114,5046619.1988,A,1,N,N,45.55945,-73.58674
SPVM _ 2012 _ 8711,VE,2012/01/27,66023.0,,,,ALLARD,1.0,JOGUES,,31.0,,18.0,3.0,2.0,,13.0,1.0,11.0,32.0,6.0,2.0,,,,17.0,2,0,0,2,17:00:00-17:59:00,2012,2,Léger,Montréal(06),Montréal (66 ),2,0,0,0,0,0,0,0,0,0,0,0,0,0,0,0,0,0,0,0,0,0,40.0,296963.28801,5034447.042,A,1,N,N,45.44991,-73.60019
SPVM _ 2014 _ 12329,SA,2014/05/10,66023.0,,,,BD ST MICHEL,1.0,DEVILLE,,,,11.0,1.0,3.0,,13.0,,11.0,34.0,,3.0,,,N,11.0,2,0,0,0,12:00:00-12:59:00,2014,0,Dommages matériels seulement,Montréal(06),Montréal (66 ),1,1,0,0,0,0,0,0,0,0,0,0,0,0,0,0,0,0,0,0,0,0,,295778.3,5047392.436,A,2,N,N,45.56638,-73.61558
SPVM _ 2017 _ 8267,VE,2017/04/28,66023.0,,,,BERRI,1.0,RENE LEVESQUE,,33.0,,11.0,1.0,3.0,,13.0,,11.0,32.0,,3.0,1.0,,N,11.0,2,0,0,0,06:00:00-06:59:00,2017,0,Dommages matériels inférieurs au seuil de rapportage,Montréal(06),Montréal (66 ),1,0,0,0,1,0,0,0,0,0,0,0,0,0,0,0,0,0,0,0,0,0,50.0,300309.558,5041524.636,A,1,N,N,45.51363,-73.55747
SPVM _ 2014 _ 7343,JE,2014/10/02,66023.0,,,,CRESCENT ET STE CATHERINE,,,,31.0,,11.0,1.0,3.0,,13.0,,11.0,32.0,,1.0,,,,11.0,2,0,0,0,11:00:00-11:59:00,2014,0,Dommages matériels seulement,Montréal(06),Montréal (66 ),1,1,0,0,0,0,0,0,0,0,0,0,0,0,0,0,0,0,0,0,0,0,50.0,298883.0,5039699.055,A,1,N,N,45.49719,-73.57571
SPVM _ 2013 _ 22552,VE,2013/11/08,66023.0,5854.0,,,JEANNE MANCE,,,,52.0,,11.0,3.0,2.0,,16.0,,11.0,34.0,,1.0,,,,11.0,1,0,0,0,17:00:00-17:59:00,2013,0,Dommages matériels inférieurs au seuil de rapportage,Montréal(06),Montréal (66 ),0,1,0,0,0,0,0,0,0,0,0,0,0,0,0,0,0,0,0,0,0,0,,296554.00326,5042760.5201,A,1,O,N,45.52471,-73.60556
SPVM _ 2017 _ 9924,MA,2017/06/27,66023.0,1870.0,,,ARR JOLIETTE,1.0,ONTARIO,50.0,42.0,,11.0,1.0,2.0,,16.0,,11.0,99.0,,2.0,,,S,11.0,1,0,0,0,14:00:00-14:59:00,2017,0,Dommages matériels inférieurs au seuil de rapportage,Montréal(06),Montréal (66 ),1,0,0,0,0,0,0,0,0,0,0,0,0,0,0,0,0,0,0,0,0,0,40.0,301331.874,5044983.097,A,1,O,N,45.54475,-73.54441
SPVM _ 2015 _ 4445,MA,2015/05/12,66023.0,,,,STE CATHERINE O,1.0,LAMBERT CLOSSE,,40.0,,11.0,4.0,3.0,,21.0,,11.0,33.0,,,,,E,11.0,1,0,0,0,00:00:00-00:59:00,2015,0,Dommages matériels inférieurs au seuil de rapportage,Montréal(06),Montréal (66 ),0,0,0,0,0,0,0,0,1,0,0,0,0,0,0,0,0,0,0,0,0,0,40.0,298268.1,5038918.047,A,1,O,N,45.49016,-73.58357
SPVM _ 2015 _ 13241,MA,2015/02/24,66023.0,,,,,1.0,JARRY ET DE LORMIER,15.0,31.0,,11.0,1.0,3.0,,13.0,1.0,11.0,33.0,2.0,3.0,,,N,11.0,2,0,0,0,14:00:00-14:59:00,2015,0,Dommages matériels inférieurs au seuil de rapportage,Montréal(06),Montréal (66 ),2,0,0,0,0,0,0,0,0,0,0,0,0,0,0,0,0,0,0,0,0,0,50.0,295671.0,5046189.127,A,1,N,N,45.55555,-73.61693
SPVM _ 2013 _ 24243,MA,2013/04/02,66023.0,,,,BD PIE IX,1.0,BD HENRI BOURASSA,,31.0,,11.0,1.0,2.0,,13.0,,11.0,32.0,,3.0,,,N,12.0,2,0,0,0,17:00:00-17:59:00,2013,0,Dommages matériels inférieurs au seuil de rapportage,Montréal(06),Montréal (66 ),2,0,0,0,0,0,0,0,0,0,0,0,0,0,0,0,0,0,0,0,0,0,50.0,293661.27701,5050623.02,A,1,N,O,45.59542,-73.64277
SPVM _ 2019 _ 17109,DI,2019/07/28,66023.0,12260.0,,,RIV DES PRAIRIES,,,,32.0,,11.0,1.0,2.0,,13.0,,11.0,34.0,,2.0,,,E,11.0,1,0,0,0,16:00:00-16:59:00,2019,0,Dommages matériels inférieurs au seuil de rapportage,Montréal(06),Montréal (66 ),1,0,0,0,0,0,0,0,0,0,0,0,0,0,0,0,0,0,0,0,0,0,50.0,299733.1026,5057137.4422,A,1,N,N,45.65411,-73.56501
SPVM _ 2013 _ 24406,MA,2013/05/14,66023.0,10456.0,,,PIGEON,1.0,FOREST,2.0,31.0,,11.0,1.0,3.0,,14.0,,11.0,32.0,,1.0,,,,11.0,2,0,0,0,Non précisé,2013,0,Dommages matériels seulement,Montréal(06),Montréal (66 ),1,0,0,0,0,0,0,0,0,0,0,0,1,0,0,0,0,0,0,0,0,0,40.0,295112.31301,5050303.0,A,2,N,N,45.59256,-73.62417
SPVM _ 2015 _ 17094,MA,2015/11/03,66023.0,,,,INDUSTRIEL,1.0,ST MICHEL,,31.0,,12.0,2.0,3.0,,13.0,1.0,11.0,32.0,6.0,3.0,,,,14.0,2,0,0,1,06:00:00-06:59:00,2015,1,Léger,Montréal(06),Montréal (66 ),2,0,0,0,0,0,0,0,0,0,0,0,0,0,0,0,0,0,0,0,0,0,50.0,294148.8,5048454.896,A,1,N,N,45.57592,-73.63647
SPVM _ 2018 _ 6418,JE,2018/09/27,66023.0,,,,N-D O,1.0,MONK,,41.0,,11.0,1.0,4.0,,13.0,,11.0,32.0,,2.0,,,O,11.0,1,0,0,0,15:00:00-15:59:00,2018,0,Dommages matériels seulement,Montréal(06),Montréal (66 ),0,1,0,0,0,0,0,0,0,0,0,0,0,0,0,0,0,0,0,0,0,0,50.0,296974.565,5036300.739,A,1,N,N,45.46659,-73.60007
SPVM _ 2013 _ 6517,ME,2013/08/07,66023.0,2010.0,,,PATRICIA,,,,31.0,,11.0,1.0,2.0,,14.0,,11.0,34.0,,1.0,,,,11.0,2,0,0,0,17:00:00-17:59:00,2013,0,Dommages matériels inférieurs au seuil de rapportage,Montréal(06),Montréal (66 ),2,0,0,0,0,0,0,0,0,0,0,0,0,0,0,0,0,0,0,0,0,0,50.0,294144.604,5034871.291,A,1,N,N,45.45369,-73.63623
SPVM _ 2018 _ 9885,SA,2018/06/30,66023.0,,,,AYLWIN,1.0,SHERBROOKE,,31.0,,11.0,1.0,2.0,,14.0,,11.0,33.0,,1.0,,,,,2,0,0,0,14:00:00-14:59:00,2018,0,Dommages matériels inférieurs au seuil de rapportage,Montréal(06),Montréal (66 ),1,1,0,0,0,0,0,0,0,0,0,0,0,0,0,0,0,0,0,0,0,0,30.0,300478.292,5045267.889,A,1,N,N,45.54731,-73.55535
SPVM _ 2016 _ 2472,DI,2016/11/20,66023.0,,,,MARCEL LAURIN,1.0,LUCIEN THIMENS,20.0,31.0,,12.0,3.0,3.0,,13.0,1.0,11.0,32.0,6.0,2.0,,,O,14.0,2,0,0,0,20:00:00-20:59:00,2016,0,Dommages matériels seulement,Montréal(06),Montréal (66 ),1,1,0,0,0,0,0,0,0,0,0,0,0,0,0,0,0,0,0,0,0,0,50.0,289823.3,5041388.735,A,1,N,N,45.51226,-73.69168
SPVM _ 2016 _ 10913,SA,2016/05/07,66023.0,,,,COTE STE CATHERINE,1.0,DECARIE,,31.0,,12.0,3.0,3.0,,13.0,,11.0,32.0,,3.0,,,,14.0,2,0,0,0,23:00:00-23:59:00,2016,0,Dommages matériels seulement,Montréal(06),Montréal (66 ),2,0,0,0,0,0,0,0,0,0,0,0,0,0,0,0,0,0,0,0,0,0,50.0,294043.5,5038591.536,A,1,N,O,45.48717,-73.63761
SPVM _ 2012 _ 25534,LU,2012/03/19,66023.0,5115.0,,,DES GALETS,,,,,,11.0,1.0,2.0,,21.0,,11.0,34.0,,,,,,11.0,2,0,0,0,Non précisé,2012,0,Dommages matériels inférieurs au seuil de rapportage,Montréal(06),Montréal (66 ),1,0,0,0,0,0,0,0,0,0,0,0,1,0,0,0,0,0,0,0,0,0,50.0,297068.28099,5049306.5,A,1,O,N,45.58362,-73.59908
SPVM _ 2018 _ 11510,LU,2018/10/29,66023.0,,,,CH  DE LA COTE DES NEIGES,1.0,AV VAN HORNE,,31.0,,12.0,1.0,3.0,,13.0,,11.0,33.0,,3.0,,,,14.0,3,0,0,0,11:00:00-11:59:00,2018,0,Dommages matériels seulement,Montréal(06),Montréal (66 ),3,0,0,0,0,0,0,0,0,0,0,0,0,0,0,0,0,0,0,0,0,0,50.0,294469.79301,5040112.34,A,1,N,N,45.50086,-73.63219
SPVM _ 2015 _ 12315,LU,2015/01/19,66023.0,9475.0,,,ST MICHEL,,,,31.0,,12.0,1.0,3.0,,13.0,,11.0,33.0,,4.0,,,,11.0,2,0,0,0,10:00:00-10:59:00,2015,0,Dommages matériels inférieurs au seuil de rapportage,Montréal(06),Montréal (66 ),1,1,0,0,0,0,0,0,0,0,0,0,0,0,0,0,0,0,0,0,0,0,,294164.2,5048445.391,A,1,N,N,45.57584,-73.63628
SPVM _ 2013 _ 26519,LU,2013/12/09,66023.0,,,,JEAN TALON,1.0,PROVENCHER,,31.0,,16.0,1.0,3.0,,13.0,1.0,11.0,32.0,6.0,3.0,,,,11.0,2,0,0,1,06:00:00-06:59:00,2013,1,Léger,Montréal(06),Montréal (66 ),1,1,0,0,0,0,0,0,0,0,0,0,0,0,0,0,0,0,0,0,0,0,50.0,297986.613,5047932.187,A,2,N,N,45.57127,-73.58729
SPVM _ 2017 _ 18199,DI,2017/08/27,66023.0,,,,BELANGER,1.0,DE CHOISY,,31.0,,11.0,1.0,3.0,,13.0,,11.0,32.0,,3.0,,,,11.0,4,0,0,0,17:00:00-17:59:00,2017,0,Dommages matériels seulement,Montréal(06),Montréal (66 ),4,0,0,0,0,0,0,0,0,0,0,0,0,0,0,0,0,0,0,0,0,0,,299180.094,5049283.709,A,1,N,N,45.58344,-73.57202
SPVM _ 2012 _ 22665,JE,2012/01/05,66023.0,4106.0,,,DORION,,,,40.0,,18.0,1.0,2.0,,16.0,,11.0,34.0,,2.0,,,,12.0,1,0,0,0,15:00:00-15:59:00,2012,0,Dommages matériels seulement,Montréal(06),Montréal (66 ),1,0,0,0,0,0,0,0,0,0,0,0,0,0,0,0,0,0,0,0,0,0,40.0,299459.09301,5043536.595,A,1,O,N,45.53173,-73.56838
SPVM _ 2013 _ 22944,JE,2013/03/28,66023.0,,,,HENRI JULIEN,1.0,RACHEL E,,31.0,,11.0,1.0,2.0,,14.0,,11.0,33.0,,1.0,,,,12.0,2,0,0,0,Non précisé,2013,0,Dommages matériels inférieurs au seuil de rapportage,Montréal(06),Montréal (66 ),2,0,0,0,0,0,0,0,0,0,0,0,0,0,0,0,0,0,0,0,0,0,,298618.10599,5042320.58,A,1,N,N,45.52078,-73.57913
SPVM _ 2014 _ 18304,VE,2014/05/23,66023.0,2570.0,,,DES CARRIERES,,,,31.0,,11.0,1.0,3.0,,14.0,,21.0,34.0,,1.0,,,,11.0,2,0,0,0,16:00:00-16:59:00,2014,0,Dommages matériels inférieurs au seuil de rapportage,Montréal(06),Montréal (66 ),2,0,0,0,0,0,0,0,0,0,0,0,0,0,0,0,0,0,0,0,0,0,40.0,298168.06578,5045280.6289,A,1,N,N,45.54741,-73.58493
SPVM _ 2017 _ 6383,JE,2017/09/21,66023.0,,,,LIONEL GROULX ET ATWATER,,,,31.0,,11.0,1.0,3.0,,13.0,,11.0,32.0,,5.0,,,N,11.0,2,0,0,0,15:00:00-15:59:00,2017,0,Dommages matériels seulement,Montréal(06),Montréal (66 ),1,1,0,0,0,0,0,0,0,0,0,0,0,0,0,0,0,0,0,0,0,0,50.0,298613.236,5038123.506,A,1,N,N,45.48301,-73.57914
SPVM _ 2013 _ 27136,SA,2013/06/01,66023.0,,,,38E AV,,ST ZOTIQUE,60.0,31.0,,11.0,1.0,2.0,,14.0,,11.0,34.0,,1.0,,,S,11.0,2,0,0,0,Non précisé,2013,0,Dommages matériels inférieurs au seuil de rapportage,Montréal(06),Montréal (66 ),1,0,0,0,0,0,0,0,0,0,0,0,1,0,0,0,0,0,0,0,0,0,,298908.829,5048120.25,A,2,N,N,45.57297,-73.57548
SPVM _ 2013 _ 20656,LU,2013/08/26,66023.0,,,,JEAN TALON,,ACADIE,,99.0,,11.0,1.0,3.0,,13.0,1.0,11.0,32.0,,3.0,,,,12.0,1,0,0,1,Non précisé,2013,1,Léger,Montréal(06),Montréal (66 ),0,0,0,1,0,0,0,0,0,0,0,0,0,0,0,0,0,0,0,0,0,0,50.0,294968.614,5042710.82,A,1,N,N,45.52425,-73.62586
SPVM _ 2013 _ 24694,SA,2013/08/03,66023.0,,,,PIE IX,1.0,MAJEAU,,31.0,,12.0,3.0,3.0,,13.0,,11.0,32.0,,3.0,,,,14.0,2,0,0,0,20:00:00-20:59:00,2013,0,Dommages matériels seulement,Montréal(06),Montréal (66 ),2,0,0,0,0,0,0,0,0,0,0,0,0,0,0,0,0,0,0,0,0,0,,294514.99,5049523.195,A,1,N,N,45.58554,-73.63181
SPVM _ 2015 _ 10319,ME,2015/11/18,66023.0,30.0,,,CH BATES,1.0,GLENDALE,400.0,31.0,,12.0,3.0,2.0,,14.0,,11.0,34.0,,2.0,,,O,14.0,2,0,0,0,20:00:00-20:59:00,2015,0,Dommages matériels seulement,Montréal(06),Montréal (66 ),1,0,0,0,0,0,0,0,0,0,0,0,1,0,0,0,0,0,0,0,0,0,40.0,295152.75,5042103.3948,A,1,N,N,45.51878,-73.62349
SPVM _ 2015 _ 6650,SA,2015/10/31,66023.0,,,,WELLINGTIN,2.0,DE L EGLISE,8.0,31.0,,11.0,1.0,3.0,,13.0,,11.0,32.0,,2.0,,,,11.0,3,0,0,0,15:00:00-15:59:00,2015,0,Dommages matériels seulement,Montréal(06),Montréal (66 ),3,0,0,0,0,0,0,0,0,0,0,0,0,0,0,0,0,0,0,0,0,0,,299558.7,5035873.0,A,1,N,N,45.46277,-73.56702
SPVM _ 2012 _ 3305,LU,2012/07/23,66023.0,,,,DE L EGLISE,1.0,ST AUBIN,,31.0,,11.0,1.0,3.0,,15.0,1.0,11.0,32.0,6.0,3.0,,,,11.0,2,0,0,1,18:00:00-18:59:00,2012,1,Léger,Montréal(06),Montréal (66 ),1,0,0,0,0,1,0,0,0,0,0,0,0,0,0,0,0,0,0,0,0,0,50.0,290331.281,5040725.5,A,1,N,N,45.5063,-73.68516
SPVM _ 2012 _ 29921,VE,2012/08/31,66023.0,,,,,1.0,N-D ET ST DONAT,,31.0,,11.0,1.0,3.0,,13.0,,11.0,32.0,,3.0,,,N,12.0,2,0,0,0,10:00:00-10:59:00,2012,0,Dommages matériels seulement,Montréal(06),Montréal (66 ),0,2,0,0,0,0,0,0,0,0,0,0,0,0,0,0,0,0,0,0,0,0,40.0,303912.714,5050543.607,A,1,N,N,45.5948,-73.51137
SPVM _ 2018 _ 20821,SA,2018/06/09,66023.0,,,,N-D E,1.0,44E AV,,99.0,,11.0,1.0,2.0,,13.0,,11.0,32.0,,3.0,1.0,,,11.0,2,0,0,0,17:00:00-17:59:00,2018,0,Dommages matériels inférieurs au seuil de rapportage,Montréal(06),Montréal (66 ),0,0,0,0,0,0,1,1,0,0,0,0,0,0,0,0,0,0,0,0,0,0,50.0,305267.836,5058270.818,A,1,N,N,45.66433,-73.494
SPVM _ 2019 _ 17997,DI,2019/05/26,66023.0,2471.0,,,DICKSON,,,,31.0,,11.0,1.0,2.0,,14.0,,11.0,33.0,,5.0,,,,11.0,2,0,0,0,13:00:00-13:59:00,2019,0,Dommages matériels inférieurs au seuil de rapportage,Montréal(06),Montréal (66 ),2,0,0,0,0,0,0,0,0,0,0,0,0,0,0,0,0,0,0,0,0,0,50.0,301890.37951,5047747.2498,A,1,N,N,45.56963,-73.53728
SPVM _ 2019 _ 10537,DI,2019/01/20,66023.0,,,,BD CREMAZIE O,1.0,AV DE L ESPLANADE,,45.0,,16.0,1.0,3.0,,11.0,,11.0,99.0,,1.0,,,,17.0,1,0,0,0,14:00:00-14:59:00,2019,0,Dommages matériels inférieurs au seuil de rapportage,Montréal(06),Montréal (66 ),1,0,0,0,0,0,0,0,0,0,0,0,0,0,0,0,0,0,0,0,0,0,,293566.528,5044304.185,A,2,O,O,45.53856,-73.64384
SPVM _ 2018 _ 9873,MA,2018/06/26,66023.0,,,,,,,,31.0,,11.0,1.0,3.0,,13.0,,11.0,99.0,,1.0,,,,11.0,2,0,0,0,07:00:00-07:59:00,2018,0,Dommages matériels inférieurs au seuil de rapportage,Montréal(06),Montréal (66 ),1,0,0,0,0,1,0,0,0,0,0,0,0,0,0,0,0,0,0,0,0,0,40.0,301525.55497,5045705.2355,C,4,N,N,45.55125,-73.54194
SPVM _ 2018 _ 18928,VE,2018/02/23,66023.0,,,,MARCO POLO,1.0,26E AV,5.0,40.0,,15.0,1.0,3.0,,14.0,,11.0,32.0,,2.0,,,O,11.0,1,0,0,0,12:00:00-12:59:00,2018,0,Dommages matériels seulement,Montréal(06),Montréal (66 ),0,1,0,0,0,0,0,0,0,0,0,0,0,0,0,0,0,0,0,0,0,0,40.0,298529.37701,5054257.798,A,1,N,N,45.62819,-73.58042
SPVM _ 2013 _ 25526,VE,2013/02/22,66023.0,8165.0,,,DU CREUSOT,,,,31.0,,16.0,1.0,4.0,,13.0,,11.0,34.0,,2.0,,,,12.0,2,0,0,0,Non précisé,2013,0,Dommages matériels seulement,Montréal(06),Montréal (66 ),1,0,0,0,0,0,0,0,0,0,0,0,1,0,0,0,0,0,0,0,0,0,50.0,298351.07016,5050902.595,A,1,N,N,45.598,-73.58266
SPVM _ 2016 _ 18478,JE,2016/05/05,66023.0,,,,BELLECHASSE,1.0,25E AV,,31.0,,11.0,1.0,2.0,,,,11.0,32.0,,1.0,,,,11.0,2,0,0,0,17:00:00-17:59:00,2016,0,Dommages matériels inférieurs au seuil de rapportage,Montréal(06),Montréal (66 ),2,0,0,0,0,0,0,0,0,0,0,0,0,0,0,0,0,0,0,0,0,0,,298991.2,5047032.918,A,1,N,N,45.56318,-73.57441
SPVM _ 2019 _ 15007,ME,2019/08/14,66023.0,3163.0,,,FLEURY E,2.0,,15.0,31.0,,11.0,1.0,3.0,,13.0,,11.0,33.0,,2.0,,,S,11.0,2,0,0,0,09:00:00-09:59:00,2019,0,Dommages matériels inférieurs au seuil de rapportage,Montréal(06),Montréal (66 ),2,0,0,0,0,0,0,0,0,0,0,0,0,0,0,0,0,0,0,0,0,0,40.0,293591.165,5048867.49,A,1,N,N,45.57962,-73.64363
SPVM _ 2018 _ 19511,DI,2018/06/17,66023.0,,,,BD DES GALERIES D ANJOU,1.0,BEAUBIEN,,59.0,,11.0,1.0,2.0,,13.0,,11.0,32.0,,5.0,,,S,11.0,1,0,0,0,05:00:00-05:59:00,2018,0,Dommages matériels seulement,Montréal(06),Montréal (66 ),1,0,0,0,0,0,0,0,0,0,0,0,0,0,0,0,0,0,0,0,0,0,50.0,300410.187,5050583.746,A,1,N,N,45.59514,-73.55627
SPVM _ 2019 _ 12137,JE,2019/03/14,66023.0,,,,JEAN TALON E,1.0,PAPINEAU,,31.0,,11.0,2.0,3.0,,13.0,,11.0,32.0,,3.0,,,,11.0,2,0,0,0,19:00:00-19:59:00,2019,0,Dommages matériels inférieurs au seuil de rapportage,Montréal(06),Montréal (66 ),2,0,0,0,0,0,0,0,0,0,0,0,0,0,0,0,0,0,0,0,0,0,,296441.076,5045342.458,A,1,N,N,45.54795,-73.60705
SPVM _ 2019 _ 8808,LU,2019/06/24,66023.0,,,,BOURBONNIERE,1.0,N-D,10.0,33.0,,11.0,1.0,2.0,,14.0,1.0,11.0,33.0,5.0,1.0,,,N,11.0,2,0,0,1,15:00:00-15:59:00,2019,1,Léger,Montréal(06),Montréal (66 ),1,0,0,0,1,0,0,0,0,0,0,0,0,0,0,0,0,0,0,0,1,1,30.0,302084.17045,5045053.14,A,1,N,N,45.54539,-73.53478
SPVM _ 2017 _ 21113,MA,2017/12/05,66023.0,,,,DE CADILLAC,1.0,CHAUVEAU,,32.0,,12.0,3.0,2.0,,14.0,,11.0,32.0,,2.0,,,,12.0,1,0,0,1,20:00:00-20:59:00,2017,1,Léger,Montréal(06),Montréal (66 ),1,0,0,0,0,0,0,0,0,0,0,0,0,0,1,1,0,0,0,0,0,0,50.0,301380.801,5048444.599,A,1,N,N,45.5759,-73.54381
SPVM _ 2017 _ 6805,JE,2017/04/13,66023.0,,,,BEURLING,1.0,MOFFAT,,32.0,,11.0,1.0,1.0,,14.0,1.0,11.0,32.0,6.0,2.0,,,,11.0,1,0,0,0,08:00:00-08:59:00,2017,0,Dommages matériels inférieurs au seuil de rapportage,Montréal(06),Montréal (66 ),1,0,0,0,0,0,0,0,0,0,0,0,0,0,0,0,0,0,0,0,0,0,,298310.898,5034517.34,A,1,N,N,45.45056,-73.58296
SPVM _ 2012 _ 4145,SA,2012/02/25,66023.0,277.0,,,6E AV,,,25.0,31.0,,16.0,1.0,2.0,,21.0,,11.0,99.0,,,,,N,17.0,2,0,0,0,08:00:00-08:59:00,2012,0,Dommages matériels inférieurs au seuil de rapportage,Montréal(06),Montréal (66 ),1,0,1,0,0,0,0,0,0,0,0,0,0,0,0,0,0,0,0,0,0,0,,291553.91425,5032905.098,A,1,O,N,45.43595,-73.6693
SPVM _ 2018 _ 18645,VE,2018/09/28,66023.0,,,,PIE IX,1.0,BELLECHASSE,,31.0,,11.0,1.0,2.0,,13.0,,11.0,32.0,,4.0,,,O,11.0,2,0,0,0,06:00:00-06:59:00,2018,0,Dommages matériels seulement,Montréal(06),Montréal (66 ),2,0,0,0,0,0,0,0,0,0,0,0,0,0,0,0,0,0,0,0,0,0,50.0,298874.842,5046843.336,A,1,N,N,45.56148,-73.5759
SPVM _ 2015 _ 17304,JE,2015/01/15,66023.0,,,,DE NEVERS,1.0,VALERY,10.0,31.0,,18.0,1.0,2.0,,14.0,,11.0,33.0,,2.0,,,N,11.0,2,0,0,0,08:00:00-08:59:00,2015,0,Dommages matériels seulement,Montréal(06),Montréal (66 ),2,0,0,0,0,0,0,0,0,0,0,0,0,0,0,0,0,0,0,0,0,0,50.0,296661.9,5049790.5,A,1,N,N,45.58797,-73.6043
SPVM _ 2013 _ 24689,JE,2013/08/01,66023.0,,,,LACORDAIRE,1.0,INDUSTRIEL,5.0,31.0,,11.0,1.0,2.0,,14.0,1.0,12.0,33.0,6.0,5.0,,,S,11.0,2,0,0,1,15:00:00-15:59:00,2013,1,Léger,Montréal(06),Montréal (66 ),2,0,0,0,0,0,0,0,0,0,0,0,0,0,0,0,0,0,0,0,0,0,50.0,295738.975,5051483.29,A,1,N,O,45.60319,-73.61616
SPVM _ 2017 _ 2773,LU,2017/04/10,66023.0,2600.0,,,VICTORIA,,,,31.0,,11.0,1.0,3.0,,21.0,,11.0,40.0,,9.0,,,,11.0,2,0,0,0,11:00:00-11:59:00,2017,0,Dommages matériels inférieurs au seuil de rapportage,Montréal(06),Montréal (66 ),2,0,0,0,0,0,0,0,0,0,0,0,0,0,0,0,0,0,0,0,0,0,,290128.98676,5032913.039,A,1,O,N,45.436,-73.68752
SPVM _ 2014 _ 1604,LU,2014/02/17,66023.0,,,,O BRIEN,1.0,HENRI BOURASSA,,31.0,,12.0,1.0,3.0,,13.0,,11.0,32.0,,3.0,,,N,11.0,2,0,0,0,11:00:00-11:59:00,2014,0,Dommages matériels seulement,Montréal(06),Montréal (66 ),2,0,0,0,0,0,0,0,0,0,0,0,0,0,0,0,0,0,0,0,0,0,50.0,289359.2,5042978.283,A,1,N,N,45.52655,-73.69767
SPVM _ 2017 _ 18464,VE,2017/12/08,66023.0,8630.0,,,VIAU,,,,31.0,,11.0,1.0,3.0,,21.0,,11.0,,,,,,,11.0,2,0,0,0,13:00:00-13:59:00,2017,0,Dommages matériels inférieurs au seuil de rapportage,Montréal(06),Montréal (66 ),2,0,0,0,0,0,0,0,0,0,0,0,0,0,0,0,0,0,0,0,0,0,10.0,296607.017,5049395.537,A,1,O,N,45.58442,-73.60499
SPVM _ 2012 _ 16897,LU,2012/12/24,66023.0,,,,DUPUIS,1.0,LEGARE,100.0,31.0,,16.0,3.0,2.0,,14.0,,11.0,34.0,,1.0,,,,11.0,2,0,0,0,17:00:00-17:59:00,2012,0,Dommages matériels inférieurs au seuil de rapportage,Montréal(06),Montréal (66 ),1,0,0,0,0,0,0,0,0,0,0,0,1,0,0,0,0,0,0,0,0,0,50.0,294771.163,5039555.545,A,2,N,N,45.49585,-73.62832
SPVM _ 2014 _ 8134,ME,2014/08/20,66023.0,,,,N-D E,,,,31.0,,11.0,1.0,3.0,,13.0,,11.0,33.0,,2.0,,,,11.0,2,0,0,0,Non précisé,2014,0,Dommages matériels inférieurs au seuil de rapportage,Montréal(06),Montréal (66 ),1,0,0,0,0,0,0,0,0,0,0,0,1,0,0,0,0,0,0,0,0,0,50.0,301341.63806,5040961.8407,B,4,N,N,45.50857,-73.54426
SPVM _ 2015 _ 12852,DI,2015/09/13,66023.0,,,,CHARLAND,1.0,DELORIMIER,,31.0,,11.0,1.0,3.0,,13.0,,11.0,33.0,,2.0,,,E,11.0,2,0,0,0,12:00:00-12:59:00,2015,0,Dommages matériels seulement,Montréal(06),Montréal (66 ),2,0,0,0,0,0,0,0,0,0,0,0,0,0,0,0,0,0,0,0,0,0,50.0,293684.1,5047518.542,A,1,N,N,45.56749,-73.64241
SPVM _ 2012 _ 26864,DI,2012/03/11,66023.0,5205.0,,,ST ZOTIQUE,,,,31.0,,11.0,1.0,7.0,,13.0,1.0,11.0,33.0,,2.0,,,,11.0,2,0,0,2,11:00:00-11:59:00,2012,2,Léger,Montréal(06),Montréal (66 ),1,0,0,0,0,0,0,1,0,0,0,0,0,0,0,0,0,0,0,0,0,0,,299072.17101,5048386.576,A,1,N,N,45.57536,-73.57339
SPVM _ 2012 _ 18220,LU,2012/12/24,66023.0,,,,SAURIOL,1.0,PAPINEAU,,,,16.0,3.0,2.0,,,,,33.0,,2.0,,,,11.0,2,0,0,0,18:00:00-18:59:00,2012,0,Dommages matériels inférieurs au seuil de rapportage,Montréal(06),Montréal (66 ),1,0,0,0,0,0,0,0,0,0,0,0,1,0,0,0,0,0,0,0,0,0,,293055.362,5047462.518,A,1,N,N,45.56697,-73.65046
SPVM _ 2014 _ 19601,VE,2014/11/07,66023.0,,,,BOMBARDIER,1.0,MIRABEAU,,31.0,,11.0,1.0,4.0,,13.0,,11.0,32.0,,3.0,,,,11.0,2,0,0,0,Non précisé,2014,0,Dommages matériels seulement,Montréal(06),Montréal (66 ),1,1,0,0,0,0,0,0,0,0,0,0,0,0,0,0,0,0,0,0,0,0,50.0,298709.7,5052760.0,A,1,N,N,45.61471,-73.57809
SPVM _ 2019 _ 2104,SA,2019/08/24,66023.0,,,,COTE VERTU,1.0,MARCEL LAURIN,,31.0,,11.0,1.0,3.0,,13.0,,11.0,32.0,,5.0,,,O,11.0,2,0,0,0,10:00:00-10:59:00,2019,0,Dommages matériels inférieurs au seuil de rapportage,Montréal(06),Montréal (66 ),1,0,1,0,0,0,0,0,0,0,0,0,0,0,0,0,0,0,0,0,0,0,50.0,290107.482,5041136.447,A,1,N,N,45.50999,-73.68804
SPVM _ 2019 _ 7127,JE,2019/10/24,66023.0,,,,AV PRESIDENT KENNEDY,1.0,AV MC GILL COLLEGE,,33.0,,11.0,1.0,3.0,,13.0,1.0,11.0,32.0,5.0,3.0,,,E,11.0,2,0,0,1,09:00:00-09:59:00,2019,1,Léger,Montréal(06),Montréal (66 ),1,0,0,0,1,0,0,0,0,0,0,0,0,0,0,0,0,0,0,0,1,1,40.0,299038.14701,5040362.315,A,1,N,N,45.50316,-73.57373
SPVM _ 2018 _ 19797,MA,2018/01/09,66023.0,5855.0,,,SHERBROOKE E,,,,31.0,,16.0,3.0,3.0,,21.0,,11.0,99.0,,2.0,,,,12.0,1,0,0,0,06:00:00-06:59:00,2018,0,Dommages matériels seulement,Montréal(06),Montréal (66 ),0,0,1,0,0,0,0,0,0,0,0,0,0,0,0,0,0,0,0,0,0,0,50.0,301083.90123,5048411.9389,A,1,O,N,45.57561,-73.54761
SPVM _ 2017 _ 17936,VE,2017/05/05,66023.0,,,,LACORDAIRE,1.0,ROBERT,13.0,31.0,,12.0,1.0,7.0,,13.0,1.0,11.0,33.0,6.0,3.0,,,S,14.0,2,0,0,1,16:00:00-16:59:00,2017,1,Léger,Montréal(06),Montréal (66 ),2,0,0,0,0,0,0,0,0,0,0,0,0,0,0,0,0,0,0,0,0,0,50.0,297234.988,5049732.772,A,1,N,N,45.58746,-73.59695
SPVM _ 2017 _ 7125,MA,2017/01/17,66023.0,,,,N-D O,1.0,PEEL,,31.0,,11.0,3.0,3.0,,13.0,,11.0,32.0,,3.0,,,,11.0,2,0,0,0,20:00:00-20:59:00,2017,0,Dommages matériels seulement,Montréal(06),Montréal (66 ),2,0,0,0,0,0,0,0,0,0,0,0,0,0,0,0,0,0,0,0,0,0,50.0,299877.174,5039501.301,A,1,N,N,45.49542,-73.56299
SPVM _ 2016 _ 13772,MA,2016/08/30,66023.0,1905.0,,,EVERETT,,,,31.0,,11.0,3.0,3.0,,13.0,,11.0,34.0,,2.0,,,,11.0,2,0,0,0,19:00:00-19:59:00,2016,0,Dommages matériels inférieurs au seuil de rapportage,Montréal(06),Montréal (66 ),2,0,0,0,0,0,0,0,0,0,0,0,0,0,0,0,0,0,0,0,0,0,,296250.9,5045642.076,A,1,N,N,45.55064,-73.60949
SPVM _ 2014 _ 2296,ME,2014/11/19,66023.0,,,,RTE TRANSCANADIENNE,1.0,BD POIRIER,23.0,31.0,,,1.0,3.0,,11.0,,,33.0,,1.0,,,E,,2,0,0,0,14:00:00-14:59:00,2014,0,Dommages matériels inférieurs au seuil de rapportage,Montréal(06),Montréal (66 ),2,0,0,0,0,0,0,0,0,0,0,0,0,0,0,0,0,0,0,0,0,0,,287218.2,5038914.5,A,1,N,N,45.48993,-73.72493
SPVM _ 2013 _ 14482,ME,2013/08/28,66023.0,,,,NICOLET,1.0,SHERBROOKE,15.0,31.0,,11.0,1.0,1.0,,14.0,,13.0,,,1.0,,,S,11.0,2,0,0,0,14:00:00-14:59:00,2013,0,Dommages matériels seulement,Montréal(06),Montréal (66 ),2,0,0,0,0,0,0,0,0,0,0,0,0,0,0,0,0,0,0,0,0,0,40.0,300502.668,5045541.924,A,1,N,N,45.54978,-73.55504
SPVM _ 2014 _ 19073,LU,2014/08/18,66023.0,,,,LOUIS H LAFONTAINE,1.0,HENRI BOURASSA,,31.0,,11.0,1.0,4.0,,11.0,,11.0,32.0,,1.0,,,,11.0,2,0,0,0,13:00:00-13:59:00,2014,0,Dommages matériels inférieurs au seuil de rapportage,Montréal(06),Montréal (66 ),0,1,0,0,0,0,0,0,1,0,0,0,0,0,0,0,0,0,0,0,0,0,50.0,299812.21197,5056802.8837,B,4,N,N,45.6511,-73.56399
SPVM _ 2017 _ 20659,JE,2017/05/25,66023.0,2750.0,,,L ASSOMPTION,2.0,AU,,31.0,,11.0,1.0,3.0,,14.0,,11.0,32.0,,2.0,,,,11.0,2,0,0,0,10:00:00-10:59:00,2017,0,Dommages matériels seulement,Montréal(06),Montréal (66 ),1,1,0,0,0,0,0,0,0,0,0,0,0,0,0,0,0,0,0,0,0,0,20.0,301298.23,5047611.5215,A,2,N,N,45.5684,-73.54486
SPVM _ 2019 _ 10715,ME,2019/04/10,66023.0,,,,CREMAZIE,1.0,ST LAURENT,5.0,31.0,,11.0,1.0,3.0,,13.0,1.0,11.0,32.0,,5.0,,,,11.0,2,0,0,1,06:00:00-06:59:00,2019,1,Léger,Montréal(06),Montréal (66 ),2,0,0,0,0,0,0,0,0,0,0,0,0,0,0,0,0,0,0,0,0,0,,293632.281,5044694.483,A,1,N,O,45.54208,-73.64301
SPVM _ 2017 _ 20288,JE,2017/01/19,66023.0,,,,SHERBROOKE,1.0,BALDWIN,,31.0,,18.0,1.0,2.0,,14.0,1.0,11.0,32.0,5.0,4.0,,,,12.0,2,0,0,1,14:00:00-14:59:00,2017,1,Léger,Montréal(06),Montréal (66 ),2,0,0,0,0,0,0,0,0,0,0,0,0,0,0,0,0,0,0,0,0,0,50.0,302377.682,5051483.333,A,1,N,N,45.60325,-73.53105
SPVM _ 2019 _ 16623,LU,2019/07/15,66023.0,3825.0,,,LAURIER E,,,,31.0,,11.0,1.0,2.0,,14.0,,14.0,33.0,,2.0,,,,11.0,2,0,0,0,14:00:00-14:59:00,2019,0,Dommages matériels seulement,Montréal(06),Montréal (66 ),2,0,0,0,0,0,0,0,0,0,0,0,0,0,0,0,0,0,0,0,0,0,30.0,299475.48299,5046150.6,A,1,N,N,45.55525,-73.5682
SPVM _ 2019 _ 15156,VE,2019/10/04,66023.0,6767.0,,,HENRI BOURASSA E,,,,31.0,,11.0,1.0,3.0,,21.0,,11.0,,,,,,,11.0,2,0,0,0,10:00:00-10:59:00,2019,0,Dommages matériels inférieurs au seuil de rapportage,Montréal(06),Montréal (66 ),1,0,0,0,0,0,0,1,0,0,0,0,0,0,0,0,0,0,0,0,0,0,,296577.64219,5052444.6501,A,1,O,N,45.61185,-73.60542
SPVM _ 2017 _ 7815,LU,2017/09/18,66023.0,,,,MAISONNEUVE O,1.0,MONTAGNE,,31.0,,11.0,1.0,3.0,,13.0,,11.0,32.0,,1.0,,,,11.0,2,0,0,0,16:00:00-16:59:00,2017,0,Dommages matériels seulement,Montréal(06),Montréal (66 ),2,0,0,0,0,0,0,0,0,0,0,0,0,0,0,0,0,0,0,0,0,0,,298790.62,5039874.631,A,1,N,N,45.49877,-73.57689
SPVM _ 2019 _ 9392,DI,2019/03/17,66023.0,5985.0,,,DE LA COTE DES NEIGES,,,,31.0,,11.0,1.0,3.0,,13.0,,11.0,33.0,,,,,,11.0,2,0,0,0,21:00:00-21:59:00,2019,0,Dommages matériels inférieurs au seuil de rapportage,Montréal(06),Montréal (66 ),2,0,0,0,0,0,0,0,0,0,0,0,0,0,0,0,0,0,0,0,0,0,50.0,294603.246,5040027.227,A,1,N,N,45.50009,-73.63048
SPVM _ 2013 _ 15957,JE,2013/04/25,66023.0,,,,VICTORIA,2.0,DE LA PELTRIE,10.0,31.0,,11.0,1.0,3.0,,14.0,,11.0,33.0,,3.0,,,S,12.0,2,0,0,0,07:00:00-07:59:00,2013,0,Dommages matériels inférieurs au seuil de rapportage,Montréal(06),Montréal (66 ),2,0,0,0,0,0,0,0,0,0,0,0,0,0,0,0,0,0,0,0,0,0,50.0,294191.52499,5039296.347,A,1,N,N,45.49351,-73.63573
SPVM _ 2018 _ 13097,LU,2018/08/13,66023.0,4100.0,,,JEAN TALON E,,,,31.0,,11.0,1.0,3.0,,21.0,,11.0,40.0,,,,,,11.0,2,0,0,0,12:00:00-12:59:00,2018,0,Dommages matériels inférieurs au seuil de rapportage,Montréal(06),Montréal (66 ),2,0,0,0,0,0,0,0,0,0,0,0,0,0,0,0,0,0,0,0,0,0,,297709.389,5047472.053,A,1,O,N,45.56712,-73.59084
SPVM _ 2012 _ 17482,JE,2012/05/24,66023.0,10055.0,,,BRUCHESI,,,,31.0,,11.0,1.0,2.0,,14.0,1.0,11.0,34.0,6.0,1.0,,,,11.0,3,0,0,1,09:00:00-09:59:00,2012,1,Léger,Montréal(06),Montréal (66 ),3,0,0,0,0,0,0,0,0,0,0,0,0,0,0,0,0,0,0,0,0,0,50.0,293585.53704,5048133.1601,A,1,N,N,45.57302,-73.64368
SPVM _ 2016 _ 15046,JE,2016/12/01,66023.0,2010.0,,,BEAUBIEN,,,,31.0,,11.0,3.0,3.0,,13.0,,13.0,34.0,,9.0,,,,11.0,2,0,0,0,19:00:00-19:59:00,2016,0,Dommages matériels seulement,Montréal(06),Montréal (66 ),1,0,0,0,0,0,0,0,0,0,0,0,1,0,0,0,0,0,0,0,0,0,50.0,297396.89022,5045037.3359,A,1,N,N,45.54521,-73.59481
SPVM _ 2018 _ 12983,MA,2018/06/12,66023.0,,,,PIE IX,1.0,J B MARTINEAU,,31.0,,11.0,1.0,3.0,125.0,12.0,1.0,11.0,32.0,1.0,3.0,,,N,11.0,2,0,0,1,14:00:00-14:59:00,2018,1,Léger,Montréal(06),Montréal (66 ),2,0,0,0,0,0,0,0,0,0,0,0,0,0,0,0,0,0,0,0,0,0,50.0,294740.127,5049246.251,A,1,N,N,45.58305,-73.62891
SPVM _ 2018 _ 11788,VE,2018/01/26,66023.0,1659.0,,,ALDERIC BEAULAC,,,,31.0,,16.0,1.0,2.0,,14.0,,11.0,32.0,,2.0,,,,17.0,2,0,0,0,Non précisé,2018,0,Dommages matériels inférieurs au seuil de rapportage,Montréal(06),Montréal (66 ),1,0,0,0,0,0,0,0,0,0,0,0,1,0,0,0,0,0,0,0,0,0,,294763.595,5046268.805,A,2,N,O,45.55626,-73.62855
SPVM _ 2014 _ 6388,LU,2014/04/14,66023.0,30.0,,,DE L EGLISE,1.0,LASALLE,25.0,31.0,,12.0,2.0,3.0,,22.0,,11.0,99.0,,9.0,,,N,13.0,2,0,0,0,06:00:00-06:59:00,2014,0,Dommages matériels inférieurs au seuil de rapportage,Montréal(06),Montréal (66 ),1,0,0,0,0,0,0,0,0,0,0,0,1,0,0,0,0,0,0,0,0,0,30.0,299838.3,5035861.5,A,1,O,N,45.46266,-73.56345
SPVM _ 2013 _ 25716,MA,2013/04/02,66023.0,,,,BD METROPOLITAIN,1.0,LANGELIER,,31.0,,,,3.0,,13.0,,,32.0,,4.0,,,,11.0,2,0,0,1,Non précisé,2013,1,Léger,Montréal(06),Montréal (66 ),2,0,0,0,0,0,0,0,0,0,0,0,0,0,0,0,0,0,0,0,0,0,,298636.23,5050422.616,A,1,N,O,45.59368,-73.579
SPVM _ 2018 _ 11223,LU,2018/07/23,66023.0,,,,QUEEN MARY ET BD DECARIE,,,,31.0,,11.0,1.0,3.0,,13.0,,11.0,32.0,,3.0,,,,11.0,2,0,0,0,16:00:00-16:59:00,2018,0,Dommages matériels inférieurs au seuil de rapportage,Montréal(06),Montréal (66 ),1,0,0,0,0,0,0,0,1,0,0,0,0,0,0,0,0,0,0,0,0,0,50.0,294711.505,5038217.903,A,1,N,O,45.48381,-73.62905
SPVM _ 2013 _ 4826,VE,2013/05/10,66058.0,6655.0,,,MACKLE,2.0,GARAGE SOUS TERRAIN,,,,11.0,,2.0,,21.0,,,99.0,,,,,,99.0,2,0,0,0,18:00:00-18:59:00,2013,0,Dommages matériels inférieurs au seuil de rapportage,Montréal(06),Montréal (66 ),1,0,0,0,0,0,0,0,0,0,0,0,1,0,0,0,0,0,0,0,0,0,,291728.63635,5037504.3674,A,1,O,N,45.47734,-73.66719
SPVM _ 2012 _ 3317,DI,2012/07/29,66023.0,950.0,,,MARCEL LAURIN,2.0,COTE VERTU,20.0,31.0,,11.0,1.0,3.0,,21.0,,11.0,99.0,,9.0,,,S,11.0,2,0,0,0,11:00:00-11:59:00,2012,0,Dommages matériels inférieurs au seuil de rapportage,Montréal(06),Montréal (66 ),2,0,0,0,0,0,0,0,0,0,0,0,0,0,0,0,0,0,0,0,0,0,10.0,290190.221,5041084.694,A,1,O,N,45.50953,-73.68698
SPVM _ 2015 _ 11865,ME,2015/07/08,66023.0,,,,TOLHURST,1.0,CHABANEL,,31.0,,11.0,1.0,3.0,,13.0,,11.0,32.0,,4.0,,,,11.0,2,0,0,0,15:00:00-15:59:00,2015,0,Dommages matériels seulement,Montréal(06),Montréal (66 ),1,1,0,0,0,0,0,0,0,0,0,0,0,0,0,0,0,0,0,0,0,0,40.0,292805.0,5044472.819,A,1,N,N,45.54007,-73.6536
SPVM _ 2019 _ 2659,MA,2019/05/14,66023.0,,,,7E AV,1.0,SHERBROOKE,,31.0,,12.0,1.0,2.0,,14.0,,11.0,32.0,,2.0,,,,11.0,2,0,0,0,15:00:00-15:59:00,2019,0,Dommages matériels inférieurs au seuil de rapportage,Montréal(06),Montréal (66 ),2,0,0,0,0,0,0,0,0,0,0,0,0,0,0,0,0,0,0,0,0,0,,291475.469,5033909.5,A,1,N,N,45.44499,-73.67033
SPVM _ 2013 _ 25456,DI,2013/02/03,66023.0,,,,ROBERT,1.0,D ARTAGNAN,,31.0,,,3.0,3.0,,14.0,,11.0,,,,,,,,2,0,0,0,Non précisé,2013,0,Dommages matériels inférieurs au seuil de rapportage,Montréal(06),Montréal (66 ),1,0,0,0,0,0,0,0,0,0,0,0,1,0,0,0,0,0,0,0,0,0,50.0,296445.344,5049181.5,A,1,N,N,45.58249,-73.60706
SPVM _ 2013 _ 20410,MA,2013/02/12,66023.0,,,,,1.0,LIEGE ET OUTREMONT,,31.0,,11.0,2.0,2.0,,14.0,,11.0,32.0,,2.0,,,,11.0,2,0,0,0,Non précisé,2013,0,Dommages matériels inférieurs au seuil de rapportage,Montréal(06),Montréal (66 ),2,0,0,0,0,0,0,0,0,0,0,0,0,0,0,0,0,0,0,0,0,0,40.0,293644.056,5043516.378,A,1,N,N,45.53147,-73.64283
SPVM _ 2018 _ 9838,JE,2018/06/07,66023.0,,,,BENNETT,1.0,ROUEN,,31.0,,11.0,2.0,3.0,,14.0,,11.0,32.0,,2.0,,,,11.0,2,0,0,0,21:00:00-21:59:00,2018,0,Dommages matériels seulement,Montréal(06),Montréal (66 ),0,0,0,0,0,0,0,1,1,0,0,0,0,0,0,0,0,0,0,0,0,0,40.0,301537.90599,5046239.946,A,1,N,N,45.55606,-73.54178
SPVM _ 2013 _ 25783,VE,2013/04/26,66023.0,4325.0,,,JEAN TALON,,,,31.0,,11.0,1.0,3.0,,21.0,,11.0,40.0,,,,,,12.0,2,0,0,0,Non précisé,2013,0,Dommages matériels inférieurs au seuil de rapportage,Montréal(06),Montréal (66 ),1,0,0,0,0,0,0,0,0,0,0,0,1,0,0,0,0,0,0,0,0,0,,297831.43,5047664.465,A,1,O,N,45.56885,-73.58928
SPVM _ 2013 _ 18107,DI,2013/10/27,66023.0,,,,CREMAZIE,1.0,PARC,,31.0,,12.0,3.0,3.0,,11.0,,21.0,32.0,,1.0,,,,14.0,2,0,0,0,Non précisé,2013,0,Dommages matériels inférieurs au seuil de rapportage,Montréal(06),Montréal (66 ),2,0,0,0,0,0,0,0,0,0,0,0,0,0,0,0,0,0,0,0,0,0,50.0,293406.67572,5043979.0004,A,1,N,N,45.53563,-73.64588
SPVM _ 2016 _ 5415,DI,2016/11/13,66023.0,,,,NEWMAN,1.0,LEGER,,31.0,,11.0,1.0,3.0,,13.0,,11.0,32.0,,3.0,,,,11.0,3,0,0,0,14:00:00-14:59:00,2016,0,Dommages matériels inférieurs au seuil de rapportage,Montréal(06),Montréal (66 ),2,0,0,0,0,0,0,1,0,0,0,0,0,0,0,0,0,0,0,0,0,0,50.0,295452.0,5033478.262,A,1,N,N,45.44117,-73.61949
SPVM _ 2012 _ 26242,VE,2012/10/12,66023.0,,,,LIONEL GROULX,1.0,JEAN PAUL II,,31.0,,11.0,1.0,2.0,,14.0,1.0,11.0,32.0,6.0,2.0,,,,11.0,2,0,0,2,16:00:00-16:59:00,2012,2,Léger,Montréal(06),Montréal (66 ),2,0,0,0,0,0,0,0,0,0,0,0,0,0,0,0,0,0,0,0,0,0,40.0,295383.25001,5049531.0,A,1,N,N,45.58562,-73.62068
SPVM _ 2016 _ 9551,DI,2016/12/18,66023.0,,,,STE CATHERINE E,1.0,FRONTENAC,5.0,40.0,,16.0,3.0,3.0,,13.0,1.0,11.0,32.0,3.0,2.0,,,E,17.0,1,0,0,3,05:00:00-05:59:00,2016,3,Léger,Montréal(06),Montréal (66 ),0,0,0,1,0,0,0,0,0,0,0,0,0,0,0,0,0,0,0,0,0,0,50.0,301241.0,5043343.098,A,1,N,N,45.53,-73.54556
